* c:\users\lenovo\esim-workspace\rtl_full_adder_design_and_simulation\rtl_full_adder_design_and_simulation.cir
Transient Analysis  Wed May 05 16:09:59  2021
--------------------------------------------------------------------------------
Index   time            v1#branch       v2#branch       v3#branch       
--------------------------------------------------------------------------------
0	0.000000e+000	6.987963e-005	6.987963e-005	7.130913e-005	
1	1.000000e-008	6.048106e-005	6.048106e-005	6.161156e-005	
2	1.092579e-008	5.961582e-005	5.961582e-005	6.071625e-005	
3	1.277737e-008	5.789516e-005	5.789516e-005	5.893057e-005	
4	1.648053e-008	5.451103e-005	5.451103e-005	5.538795e-005	
5	2.388685e-008	4.795650e-005	4.795650e-005	4.841032e-005	
6	3.869949e-008	3.559800e-005	3.559800e-005	3.483487e-005	
7	6.832477e-008	1.319066e-005	1.319066e-005	8.872132e-006	
8	1.275753e-007	-2.63233e-005	-2.63233e-005	-4.01313e-005	
9	2.205650e-007	-8.82617e-005	-8.82617e-005	-1.13685e-004	
10	3.244284e-007	-1.86248e-004	-1.86248e-004	-1.95957e-004	
11	4.275598e-007	-2.89038e-004	-2.89038e-004	-2.91431e-004	
12	5.614418e-007	-4.22583e-004	-4.22583e-004	-4.22450e-004	
13	7.082311e-007	-5.68913e-004	-5.68913e-004	-5.68750e-004	
14	9.147326e-007	-7.74667e-004	-7.74667e-004	-7.74603e-004	
15	1.000000e-006	-8.59609e-004	-8.59609e-004	-8.59574e-004	
16	1.017987e-006	-8.59551e-004	-8.59551e-004	-8.59531e-004	
17	1.053962e-006	-8.59443e-004	-8.59443e-004	-8.59437e-004	
18	1.125912e-006	-8.59255e-004	-8.59255e-004	-8.59270e-004	
19	1.180879e-006	-8.59127e-004	-8.59127e-004	-8.59156e-004	
20	1.231666e-006	-8.59018e-004	-8.59018e-004	-8.59057e-004	
21	1.296705e-006	-8.58890e-004	-8.58890e-004	-8.58944e-004	
22	1.356643e-006	-8.58783e-004	-8.58783e-004	-8.58849e-004	
23	1.444701e-006	-8.58644e-004	-8.58644e-004	-8.58736e-004	
24	1.513876e-006	-8.58547e-004	-8.58547e-004	-8.58653e-004	
25	1.580702e-006	-8.58463e-004	-8.58463e-004	-8.58577e-004	
26	1.667480e-006	-8.58365e-004	-8.58365e-004	-8.58488e-004	
27	1.749837e-006	-8.58283e-004	-8.58283e-004	-8.58413e-004	
28	1.884604e-006	-8.58167e-004	-8.58167e-004	-8.58306e-004	
29	2.034069e-006	-8.58062e-004	-8.58062e-004	-8.58209e-004	
30	2.288393e-006	-8.57923e-004	-8.57923e-004	-8.58081e-004	
31	2.689225e-006	-8.57778e-004	-8.57778e-004	-8.57947e-004	
32	3.436978e-006	-8.57638e-004	-8.57638e-004	-8.57819e-004	
33	4.932485e-006	-8.57554e-004	-8.57554e-004	-8.57745e-004	
34	7.008550e-006	-8.57547e-004	-8.57547e-004	-8.57739e-004	
35	1.024715e-005	-8.57548e-004	-8.57548e-004	-8.57740e-004	
36	1.579744e-005	-8.57547e-004	-8.57547e-004	-8.57740e-004	
37	2.689803e-005	-8.57547e-004	-8.57547e-004	-8.57740e-004	
38	4.909919e-005	-8.57547e-004	-8.57547e-004	-8.57740e-004	
39	9.350152e-005	-8.57547e-004	-8.57547e-004	-8.57740e-004	
40	1.823062e-004	-8.57547e-004	-8.57547e-004	-8.57740e-004	
41	3.599155e-004	-8.57547e-004	-8.57547e-004	-8.57740e-004	
42	7.151341e-004	-8.57547e-004	-8.57547e-004	-8.57740e-004	
43	1.001000e-003	-8.57547e-004	-8.57547e-004	-8.57740e-004	
44	1.001100e-003	-7.57616e-004	-8.57574e-004	-8.57740e-004	
45	1.001300e-003	-5.57819e-004	-8.57648e-004	-8.57740e-004	
46	1.001463e-003	-3.95343e-004	-8.57740e-004	-8.57740e-004	
47	1.001672e-003	-1.86582e-004	-8.57894e-004	-8.57740e-004	
48	1.002000e-003	1.404632e-004	-8.58217e-004	-8.57740e-004	
49	1.002042e-003	1.403301e-004	-8.58256e-004	-8.57740e-004	
50	1.002126e-003	1.400638e-004	-8.58334e-004	-8.57740e-004	
51	1.002293e-003	1.395644e-004	-8.58473e-004	-8.57740e-004	
52	1.002460e-003	1.358274e-004	-8.58575e-004	-8.57817e-004	
53	1.002587e-003	9.649111e-005	-8.58666e-004	-8.57995e-004	
54	1.002690e-003	7.645013e-005	-8.58731e-004	-8.58108e-004	

Index   time            v1#branch       v2#branch       v3#branch       
--------------------------------------------------------------------------------
55	1.002790e-003	7.320649e-005	-8.58784e-004	-8.58208e-004	
56	1.002904e-003	7.131616e-005	-8.58838e-004	-8.58315e-004	
57	1.003010e-003	7.205321e-005	-8.58882e-004	-8.58406e-004	
58	1.003164e-003	7.115374e-005	-8.58938e-004	-8.58525e-004	
59	1.003319e-003	7.194016e-005	-8.58986e-004	-8.58610e-004	
60	1.003430e-003	7.115093e-005	-8.59016e-004	-8.58689e-004	
61	1.003506e-003	7.186640e-005	-8.59034e-004	-8.58734e-004	
62	1.003577e-003	7.119125e-005	-8.59050e-004	-8.58771e-004	
63	1.003649e-003	7.179764e-005	-8.59064e-004	-8.58806e-004	
64	1.003732e-003	7.122316e-005	-8.59080e-004	-8.58842e-004	
65	1.003860e-003	7.174715e-005	-8.59101e-004	-8.58893e-004	
66	1.004007e-003	7.122675e-005	-8.59122e-004	-8.58944e-004	
67	1.004262e-003	7.170845e-005	-8.59150e-004	-8.59015e-004	
68	1.004664e-003	7.121005e-005	-8.59181e-004	-8.59093e-004	
69	1.005437e-003	7.167672e-005	-8.59212e-004	-8.59173e-004	
70	1.006569e-003	7.119471e-005	-8.59226e-004	-8.59210e-004	
71	1.008136e-003	7.166766e-005	-8.59228e-004	-8.59218e-004	
72	1.010248e-003	7.119508e-005	-8.59229e-004	-8.59218e-004	
73	1.014470e-003	7.166662e-005	-8.59229e-004	-8.59218e-004	
74	1.022915e-003	7.119559e-005	-8.59229e-004	-8.59218e-004	
75	1.039804e-003	7.166637e-005	-8.59229e-004	-8.59218e-004	
76	1.073582e-003	7.119571e-005	-8.59229e-004	-8.59218e-004	
77	1.141140e-003	7.166630e-005	-8.59229e-004	-8.59218e-004	
78	1.276254e-003	7.119574e-005	-8.59229e-004	-8.59218e-004	
79	1.546482e-003	7.166629e-005	-8.59229e-004	-8.59218e-004	
80	1.946482e-003	7.119575e-005	-8.59229e-004	-8.59218e-004	
81	2.001000e-003	7.166626e-005	-8.59229e-004	-8.59218e-004	
82	2.001100e-003	7.139454e-005	-7.59313e-004	-8.59218e-004	
83	2.001300e-003	7.127962e-005	-5.59568e-004	-8.59218e-004	
84	2.001461e-003	7.116850e-005	-3.98502e-004	-8.59218e-004	
85	2.001655e-003	7.100386e-005	-2.05202e-004	-8.59218e-004	
86	2.002000e-003	7.081580e-005	1.381511e-004	-8.59218e-004	
87	2.002039e-003	7.082911e-005	1.379777e-004	-8.59218e-004	
88	2.002116e-003	7.091072e-005	1.376339e-004	-8.59218e-004	
89	2.002271e-003	7.152439e-005	1.369788e-004	-8.59218e-004	
90	2.002429e-003	1.179686e-004	1.346509e-004	-8.59201e-004	
91	2.002573e-003	9.444156e-005	9.465598e-005	-8.59196e-004	
92	2.002672e-003	7.442355e-005	7.458563e-005	-8.59195e-004	
93	2.002779e-003	7.052430e-005	7.064614e-005	-8.59195e-004	
94	2.002894e-003	6.887981e-005	6.898131e-005	-8.59194e-004	
95	2.003004e-003	6.970886e-005	6.978668e-005	-8.59193e-004	
96	2.003224e-003	6.905465e-005	6.911193e-005	-8.59187e-004	
97	2.003433e-003	6.995280e-005	6.999032e-005	-8.58824e-004	
98	2.003583e-003	6.923588e-005	6.926977e-005	-8.58602e-004	
99	2.003658e-003	6.998263e-005	7.000915e-005	-8.58516e-004	
100	2.003721e-003	6.933493e-005	6.936286e-005	-8.58446e-004	
101	2.003783e-003	6.996693e-005	6.998893e-005	-8.58389e-004	
102	2.003877e-003	6.941978e-005	6.944234e-005	-8.58307e-004	
103	2.004002e-003	6.999202e-005	7.000783e-005	-8.58219e-004	
104	2.004167e-003	6.949834e-005	6.951389e-005	-8.58120e-004	
105	2.004391e-003	7.003991e-005	7.004856e-005	-8.58038e-004	
106	2.004506e-003	6.956026e-005	6.957059e-005	-8.57999e-004	
107	2.004636e-003	7.004436e-005	7.005022e-005	-8.57961e-004	
108	2.004824e-003	6.960308e-005	6.961031e-005	-8.57912e-004	
109	2.005012e-003	7.005753e-005	7.006054e-005	-8.57876e-004	
110	2.005387e-003	6.963950e-005	6.964367e-005	-8.57820e-004	
111	2.006040e-003	7.008323e-005	7.008290e-005	-8.57768e-004	
112	2.007334e-003	6.966590e-005	6.966743e-005	-8.57730e-004	

Index   time            v1#branch       v2#branch       v3#branch       
--------------------------------------------------------------------------------
113	2.009569e-003	7.009209e-005	7.009065e-005	-8.57723e-004	
114	2.012548e-003	6.966765e-005	6.966908e-005	-8.57723e-004	
115	2.018505e-003	7.009139e-005	7.008996e-005	-8.57724e-004	
116	2.030419e-003	6.966796e-005	6.966939e-005	-8.57723e-004	
117	2.054248e-003	7.009124e-005	7.008982e-005	-8.57724e-004	
118	2.101906e-003	6.966804e-005	6.966946e-005	-8.57723e-004	
119	2.197222e-003	7.009120e-005	7.008978e-005	-8.57724e-004	
120	2.387853e-003	6.966805e-005	6.966948e-005	-8.57723e-004	
121	2.769116e-003	7.009119e-005	7.008977e-005	-8.57724e-004	
122	3.001000e-003	6.966807e-005	6.966949e-005	-8.57723e-004	
123	3.001100e-003	6.987700e-005	6.987701e-005	-7.57793e-004	
124	3.001300e-003	6.988235e-005	6.988234e-005	-5.58000e-004	
125	3.001406e-003	6.987707e-005	6.987708e-005	-4.52655e-004	
126	3.001508e-003	6.988204e-005	6.988203e-005	-3.50333e-004	
127	3.001713e-003	6.987726e-005	6.987727e-005	-1.45790e-004	
128	3.002000e-003	6.988194e-005	6.988193e-005	1.402386e-004	
129	3.002030e-003	6.987972e-005	6.987972e-005	1.401393e-004	
130	3.002090e-003	6.987953e-005	6.987953e-005	1.399415e-004	
131	3.002211e-003	6.987971e-005	6.987971e-005	1.395635e-004	
132	3.002333e-003	6.987954e-005	6.987954e-005	1.391988e-004	
133	3.002477e-003	6.987970e-005	6.987970e-005	1.341043e-004	
134	3.002578e-003	6.987955e-005	6.987955e-005	9.838784e-005	
135	3.002662e-003	6.987970e-005	6.987970e-005	7.955647e-005	
136	3.002744e-003	6.987956e-005	6.987956e-005	7.446021e-005	
137	3.002836e-003	6.987969e-005	6.987969e-005	7.173644e-005	
138	3.002920e-003	6.987957e-005	6.987957e-005	7.197930e-005	
139	3.003089e-003	6.987968e-005	6.987968e-005	7.108276e-005	
140	3.003265e-003	6.987957e-005	6.987957e-005	7.172084e-005	
141	3.003615e-003	6.987968e-005	6.987968e-005	7.104585e-005	
142	3.004199e-003	6.987957e-005	6.987957e-005	7.164382e-005	
143	3.005365e-003	6.987968e-005	6.987968e-005	7.100108e-005	
144	3.006549e-003	6.987958e-005	6.987958e-005	7.161897e-005	
145	3.008593e-003	6.987968e-005	6.987968e-005	7.100061e-005	
146	3.011229e-003	6.987958e-005	6.987958e-005	7.161687e-005	
147	3.016499e-003	6.987968e-005	6.987968e-005	7.100176e-005	
148	3.027041e-003	6.987958e-005	6.987958e-005	7.161631e-005	
149	3.048124e-003	6.987968e-005	6.987968e-005	7.100204e-005	
150	3.090290e-003	6.987958e-005	6.987958e-005	7.161618e-005	
151	3.174622e-003	6.987968e-005	6.987968e-005	7.100210e-005	
152	3.343286e-003	6.987958e-005	6.987958e-005	7.161614e-005	
153	3.680614e-003	6.987968e-005	6.987968e-005	7.100212e-005	
154	4.000000e-003	6.987958e-005	6.987958e-005	7.161613e-005	
155	4.000100e-003	-2.23956e-006	-2.23956e-006	-1.45134e-005	
156	4.000300e-003	-1.62259e-004	-1.62259e-004	-1.76739e-004	
157	4.000452e-003	-3.13034e-004	-3.13034e-004	-3.14567e-004	
158	4.000607e-003	-4.68461e-004	-4.68461e-004	-4.68236e-004	
159	4.000808e-003	-6.67886e-004	-6.67886e-004	-6.67737e-004	
160	4.001000e-003	-8.59648e-004	-8.59648e-004	-8.59584e-004	
161	4.001018e-003	-8.59578e-004	-8.59578e-004	-8.59531e-004	
162	4.001055e-003	-8.59469e-004	-8.59469e-004	-8.59436e-004	
163	4.001097e-003	-8.59356e-004	-8.59356e-004	-8.59338e-004	
164	4.001147e-003	-8.59229e-004	-8.59229e-004	-8.59226e-004	
165	4.001209e-003	-8.59088e-004	-8.59088e-004	-8.59102e-004	
166	4.001266e-003	-8.58967e-004	-8.58967e-004	-8.58995e-004	
167	4.001326e-003	-8.58854e-004	-8.58854e-004	-8.58896e-004	
168	4.001384e-003	-8.58753e-004	-8.58753e-004	-8.58811e-004	
169	4.001461e-003	-8.58634e-004	-8.58634e-004	-8.58715e-004	
170	4.001516e-003	-8.58557e-004	-8.58557e-004	-8.58650e-004	

Index   time            v1#branch       v2#branch       v3#branch       
--------------------------------------------------------------------------------
171	4.001575e-003	-8.58482e-004	-8.58482e-004	-8.58583e-004	
172	4.001632e-003	-8.58414e-004	-8.58414e-004	-8.58523e-004	
173	4.001690e-003	-8.58352e-004	-8.58352e-004	-8.58467e-004	
174	4.001757e-003	-8.58285e-004	-8.58285e-004	-8.58406e-004	
175	4.001828e-003	-8.58222e-004	-8.58222e-004	-8.58349e-004	
176	4.001929e-003	-8.58141e-004	-8.58141e-004	-8.58275e-004	
177	4.002034e-003	-8.58069e-004	-8.58069e-004	-8.58209e-004	
178	4.002205e-003	-8.57969e-004	-8.57969e-004	-8.58118e-004	
179	4.002419e-003	-8.57873e-004	-8.57873e-004	-8.58030e-004	
180	4.002803e-003	-8.57751e-004	-8.57751e-004	-8.57920e-004	
181	4.003485e-003	-8.57634e-004	-8.57634e-004	-8.57815e-004	
182	4.004849e-003	-8.57558e-004	-8.57558e-004	-8.57748e-004	
183	4.007097e-003	-8.57546e-004	-8.57546e-004	-8.57739e-004	
184	4.010278e-003	-8.57548e-004	-8.57548e-004	-8.57740e-004	
185	4.016118e-003	-8.57547e-004	-8.57547e-004	-8.57739e-004	
186	4.027798e-003	-8.57547e-004	-8.57547e-004	-8.57740e-004	
187	4.051157e-003	-8.57547e-004	-8.57547e-004	-8.57740e-004	
188	4.097877e-003	-8.57547e-004	-8.57547e-004	-8.57740e-004	
189	4.191316e-003	-8.57547e-004	-8.57547e-004	-8.57740e-004	
190	4.378194e-003	-8.57547e-004	-8.57547e-004	-8.57740e-004	
191	4.751951e-003	-8.57547e-004	-8.57547e-004	-8.57740e-004	
192	5.001000e-003	-8.57547e-004	-8.57547e-004	-8.57740e-004	
193	5.001100e-003	-7.57616e-004	-8.57574e-004	-8.57740e-004	
194	5.001300e-003	-5.57819e-004	-8.57648e-004	-8.57740e-004	
195	5.001700e-003	-1.58589e-004	-8.57915e-004	-8.57740e-004	
196	5.002000e-003	1.404723e-004	-8.58215e-004	-8.57740e-004	
197	5.002038e-003	1.403510e-004	-8.58250e-004	-8.57740e-004	
198	5.002113e-003	1.401110e-004	-8.58321e-004	-8.57740e-004	
199	5.002264e-003	1.396579e-004	-8.58449e-004	-8.57740e-004	
200	5.002407e-003	1.386503e-004	-8.58549e-004	-8.57739e-004	
201	5.002544e-003	1.157567e-004	-8.58633e-004	-8.57940e-004	
202	5.002638e-003	8.476418e-005	-8.58698e-004	-8.58048e-004	
203	5.002689e-003	7.843470e-005	-8.58729e-004	-8.58102e-004	
204	5.002734e-003	7.524960e-005	-8.58754e-004	-8.58149e-004	
205	5.002782e-003	7.362276e-005	-8.58779e-004	-8.58196e-004	
206	5.002840e-003	7.242916e-005	-8.58807e-004	-8.58253e-004	
207	5.002895e-003	7.207061e-005	-8.58832e-004	-8.58302e-004	
208	5.002976e-003	7.167728e-005	-8.58867e-004	-8.58375e-004	
209	5.003052e-003	7.167225e-005	-8.58897e-004	-8.58435e-004	
210	5.003164e-003	7.153265e-005	-8.58937e-004	-8.58521e-004	
211	5.003280e-003	7.158857e-005	-8.58974e-004	-8.58582e-004	
212	5.003372e-003	7.149901e-005	-8.59000e-004	-8.58647e-004	
213	5.003452e-003	7.155921e-005	-8.59020e-004	-8.58699e-004	
214	5.003530e-003	7.148474e-005	-8.59038e-004	-8.58744e-004	
215	5.003589e-003	7.153834e-005	-8.59051e-004	-8.58774e-004	
216	5.003645e-003	7.147896e-005	-8.59063e-004	-8.58802e-004	
217	5.003724e-003	7.152100e-005	-8.59078e-004	-8.58837e-004	
218	5.003801e-003	7.146926e-005	-8.59091e-004	-8.58869e-004	
219	5.003922e-003	7.150333e-005	-8.59110e-004	-8.58913e-004	
220	5.004061e-003	7.145416e-005	-8.59128e-004	-8.58959e-004	
221	5.004294e-003	7.148240e-005	-8.59153e-004	-8.59020e-004	
222	5.004656e-003	7.143197e-005	-8.59180e-004	-8.59091e-004	
223	5.005343e-003	7.145798e-005	-8.59209e-004	-8.59165e-004	
224	5.006480e-003	7.141358e-005	-8.59225e-004	-8.59209e-004	
225	5.007989e-003	7.144981e-005	-8.59229e-004	-8.59217e-004	
226	5.010094e-003	7.141235e-005	-8.59229e-004	-8.59218e-004	
227	5.013878e-003	7.144969e-005	-8.59229e-004	-8.59218e-004	
228	5.021446e-003	7.141236e-005	-8.59229e-004	-8.59218e-004	

Index   time            v1#branch       v2#branch       v3#branch       
--------------------------------------------------------------------------------
229	5.036581e-003	7.144968e-005	-8.59229e-004	-8.59218e-004	
230	5.066851e-003	7.141237e-005	-8.59229e-004	-8.59218e-004	
231	5.127391e-003	7.144967e-005	-8.59229e-004	-8.59218e-004	
232	5.248471e-003	7.141237e-005	-8.59229e-004	-8.59218e-004	
233	5.490631e-003	7.144967e-005	-8.59229e-004	-8.59218e-004	
234	5.890631e-003	7.141237e-005	-8.59229e-004	-8.59218e-004	
235	6.001000e-003	7.144967e-005	-8.59229e-004	-8.59218e-004	
236	6.001100e-003	7.139113e-005	-7.59313e-004	-8.59218e-004	
237	6.001300e-003	7.128233e-005	-5.59568e-004	-8.59218e-004	
238	6.001633e-003	7.102923e-005	-2.27243e-004	-8.59218e-004	
239	6.001981e-003	7.081010e-005	1.189157e-004	-8.59218e-004	
240	6.002000e-003	7.080322e-005	1.381594e-004	-8.59218e-004	
241	6.002039e-003	7.082217e-005	1.379864e-004	-8.59218e-004	
242	6.002116e-003	7.090557e-005	1.376397e-004	-8.59218e-004	
243	6.002271e-003	7.151236e-005	1.369852e-004	-8.59218e-004	
244	6.002424e-003	1.135103e-004	1.349076e-004	-8.59203e-004	
245	6.002567e-003	9.690075e-005	9.712880e-005	-8.59196e-004	
246	6.002668e-003	7.492987e-005	7.507970e-005	-8.59195e-004	
247	6.002776e-003	7.051481e-005	7.064146e-005	-8.59195e-004	
248	6.002884e-003	6.894743e-005	6.903904e-005	-8.59194e-004	
249	6.002987e-003	6.966453e-005	6.974909e-005	-8.59193e-004	
250	6.003194e-003	6.907099e-005	6.912195e-005	-8.59188e-004	
251	6.003387e-003	6.989601e-005	6.994138e-005	-8.58876e-004	
252	6.003531e-003	6.925572e-005	6.928446e-005	-8.58649e-004	
253	6.003633e-003	6.994513e-005	6.997774e-005	-8.58526e-004	
254	6.003730e-003	6.935543e-005	6.937614e-005	-8.58421e-004	
255	6.003839e-003	6.997503e-005	7.000006e-005	-8.58327e-004	
256	6.003975e-003	6.944347e-005	6.945717e-005	-8.58223e-004	
257	6.004230e-003	7.003690e-005	7.005283e-005	-8.58084e-004	
258	6.004485e-003	6.953369e-005	6.953875e-005	-8.58002e-004	
259	6.004625e-003	7.006767e-005	7.007835e-005	-8.57960e-004	
260	6.004769e-003	6.957794e-005	6.958044e-005	-8.57920e-004	
261	6.004915e-003	7.007085e-005	7.007909e-005	-8.57891e-004	
262	6.005208e-003	6.961535e-005	6.961536e-005	-8.57840e-004	
263	6.005650e-003	7.009242e-005	7.009753e-005	-8.57795e-004	
264	6.006497e-003	6.964574e-005	6.964303e-005	-8.57746e-004	
265	6.008190e-003	7.010789e-005	7.011111e-005	-8.57725e-004	
266	6.010490e-003	6.965206e-005	6.964883e-005	-8.57722e-004	
267	6.014890e-003	7.010689e-005	7.011012e-005	-8.57725e-004	
268	6.023688e-003	6.965250e-005	6.964927e-005	-8.57722e-004	
269	6.041286e-003	7.010667e-005	7.010991e-005	-8.57725e-004	
270	6.076480e-003	6.965261e-005	6.964938e-005	-8.57722e-004	
271	6.146870e-003	7.010662e-005	7.010986e-005	-8.57725e-004	
272	6.287648e-003	6.965264e-005	6.964940e-005	-8.57722e-004	
273	6.569206e-003	7.010661e-005	7.010984e-005	-8.57725e-004	
274	6.969206e-003	6.965264e-005	6.964941e-005	-8.57722e-004	
275	7.001000e-003	7.010658e-005	7.010981e-005	-8.57725e-004	
276	7.001100e-003	6.988280e-005	6.988281e-005	-7.57793e-004	
277	7.001300e-003	6.987679e-005	6.987677e-005	-5.58000e-004	
278	7.001405e-003	6.988240e-005	6.988242e-005	-4.52697e-004	
279	7.001508e-003	6.987701e-005	6.987699e-005	-3.50418e-004	
280	7.001713e-003	6.988218e-005	6.988220e-005	-1.45960e-004	
281	7.002000e-003	6.987712e-005	6.987710e-005	1.402387e-004	
282	7.002030e-003	6.987952e-005	6.987952e-005	1.401392e-004	
283	7.002090e-003	6.987973e-005	6.987973e-005	1.399411e-004	
284	7.002211e-003	6.987954e-005	6.987954e-005	1.395626e-004	
285	7.002328e-003	6.987972e-005	6.987972e-005	1.392138e-004	
286	7.002467e-003	6.987954e-005	6.987954e-005	1.350978e-004	

Index   time            v1#branch       v2#branch       v3#branch       
--------------------------------------------------------------------------------
287	7.002567e-003	6.987971e-005	6.987971e-005	1.025324e-004	
288	7.002654e-003	6.987955e-005	6.987955e-005	8.072207e-005	
289	7.002739e-003	6.987970e-005	6.987970e-005	7.457796e-005	
290	7.002824e-003	6.987956e-005	6.987956e-005	7.193614e-005	
291	7.002902e-003	6.987969e-005	6.987969e-005	7.200299e-005	
292	7.003056e-003	6.987957e-005	6.987957e-005	7.114607e-005	
293	7.003209e-003	6.987969e-005	6.987969e-005	7.167756e-005	
294	7.003514e-003	6.987957e-005	6.987957e-005	7.110509e-005	
295	7.003988e-003	6.987969e-005	6.987969e-005	7.160165e-005	
296	7.004931e-003	6.987957e-005	6.987957e-005	7.105542e-005	
297	7.006076e-003	6.987968e-005	6.987968e-005	7.156940e-005	
298	7.007823e-003	6.987957e-005	6.987957e-005	7.105080e-005	
299	7.010124e-003	6.987968e-005	6.987968e-005	7.156704e-005	
300	7.014725e-003	6.987957e-005	6.987957e-005	7.105193e-005	
301	7.023926e-003	6.987968e-005	6.987968e-005	7.156616e-005	
302	7.042330e-003	6.987957e-005	6.987957e-005	7.105219e-005	
303	7.079137e-003	6.987968e-005	6.987968e-005	7.156603e-005	
304	7.152751e-003	6.987957e-005	6.987957e-005	7.105225e-005	
305	7.299979e-003	6.987968e-005	6.987968e-005	7.156600e-005	
306	7.594434e-003	6.987957e-005	6.987957e-005	7.105227e-005	
307	7.994434e-003	6.987968e-005	6.987968e-005	7.156599e-005	
308	8.000000e-003	6.987957e-005	6.987957e-005	7.105258e-005	
309	8.000079e-003	1.058830e-005	1.058830e-005	2.130653e-006	
310	8.000238e-003	-1.03534e-004	-1.03534e-004	-1.27825e-004	
311	8.000382e-003	-2.43300e-004	-2.43300e-004	-2.47514e-004	
312	8.000519e-003	-3.80595e-004	-3.80595e-004	-3.80736e-004	
313	8.000691e-003	-5.51554e-004	-5.51554e-004	-5.51417e-004	
314	8.000885e-003	-7.44590e-004	-7.44590e-004	-7.44505e-004	
315	8.001000e-003	-8.59591e-004	-8.59591e-004	-8.59578e-004	
316	8.001015e-003	-8.59549e-004	-8.59549e-004	-8.59537e-004	
317	8.001046e-003	-8.59456e-004	-8.59456e-004	-8.59454e-004	
318	8.001108e-003	-8.59290e-004	-8.59290e-004	-8.59307e-004	
319	8.001163e-003	-8.59160e-004	-8.59160e-004	-8.59190e-004	
320	8.001224e-003	-8.59027e-004	-8.59027e-004	-8.59071e-004	
321	8.001280e-003	-8.58916e-004	-8.58916e-004	-8.58971e-004	
322	8.001334e-003	-8.58816e-004	-8.58816e-004	-8.58882e-004	
323	8.001394e-003	-8.58716e-004	-8.58716e-004	-8.58799e-004	
324	8.001453e-003	-8.58626e-004	-8.58626e-004	-8.58725e-004	
325	8.001517e-003	-8.58538e-004	-8.58538e-004	-8.58648e-004	
326	8.001582e-003	-8.58456e-004	-8.58456e-004	-8.58575e-004	
327	8.001647e-003	-8.58384e-004	-8.58384e-004	-8.58508e-004	
328	8.001741e-003	-8.58288e-004	-8.58288e-004	-8.58420e-004	
329	8.001828e-003	-8.58210e-004	-8.58210e-004	-8.58348e-004	
330	8.001971e-003	-8.58101e-004	-8.58101e-004	-8.58247e-004	
331	8.002141e-003	-8.57996e-004	-8.57996e-004	-8.58150e-004	
332	8.002426e-003	-8.57864e-004	-8.57864e-004	-8.58027e-004	
333	8.002903e-003	-8.57723e-004	-8.57723e-004	-8.57897e-004	
334	8.003814e-003	-8.57599e-004	-8.57599e-004	-8.57784e-004	
335	8.005637e-003	-8.57546e-004	-8.57546e-004	-8.57738e-004	
336	8.007889e-003	-8.57547e-004	-8.57547e-004	-8.57740e-004	
337	8.011757e-003	-8.57547e-004	-8.57547e-004	-8.57739e-004	
338	8.019276e-003	-8.57548e-004	-8.57548e-004	-8.57740e-004	
339	8.034313e-003	-8.57547e-004	-8.57547e-004	-8.57739e-004	
340	8.064387e-003	-8.57548e-004	-8.57548e-004	-8.57740e-004	
341	8.124536e-003	-8.57547e-004	-8.57547e-004	-8.57739e-004	
342	8.244833e-003	-8.57548e-004	-8.57548e-004	-8.57740e-004	
343	8.485426e-003	-8.57547e-004	-8.57547e-004	-8.57739e-004	
344	8.885426e-003	-8.57548e-004	-8.57548e-004	-8.57740e-004	

Index   time            v1#branch       v2#branch       v3#branch       
--------------------------------------------------------------------------------
345	9.001000e-003	-8.57547e-004	-8.57547e-004	-8.57739e-004	
346	9.001100e-003	-7.57616e-004	-8.57573e-004	-8.57739e-004	
347	9.001300e-003	-5.57818e-004	-8.57648e-004	-8.57740e-004	
348	9.001519e-003	-3.39294e-004	-8.57777e-004	-8.57740e-004	
349	9.001775e-003	-8.39097e-005	-8.57984e-004	-8.57740e-004	
350	9.002000e-003	1.404610e-004	-8.58217e-004	-8.57740e-004	
351	9.002051e-003	1.402988e-004	-8.58265e-004	-8.57740e-004	
352	9.002154e-003	1.399762e-004	-8.58358e-004	-8.57740e-004	
353	9.002358e-003	1.393657e-004	-8.58523e-004	-8.57740e-004	
354	9.002554e-003	1.132606e-004	-8.58641e-004	-8.57972e-004	
355	9.002694e-003	7.544313e-005	-8.58734e-004	-8.58126e-004	
356	9.002732e-003	7.399257e-005	-8.58755e-004	-8.58164e-004	
357	9.002762e-003	7.314967e-005	-8.58770e-004	-8.58194e-004	
358	9.002799e-003	7.261054e-005	-8.58789e-004	-8.58229e-004	
359	9.002849e-003	7.207144e-005	-8.58813e-004	-8.58277e-004	
360	9.002895e-003	7.189444e-005	-8.58834e-004	-8.58319e-004	
361	9.002966e-003	7.167299e-005	-8.58864e-004	-8.58380e-004	
362	9.003031e-003	7.164922e-005	-8.58890e-004	-8.58433e-004	
363	9.003154e-003	7.155242e-005	-8.58935e-004	-8.58527e-004	
364	9.003273e-003	7.156900e-005	-8.58973e-004	-8.58588e-004	
365	9.003366e-003	7.151797e-005	-8.58999e-004	-8.58654e-004	
366	9.003442e-003	7.154266e-005	-8.59019e-004	-8.58704e-004	
367	9.003516e-003	7.150201e-005	-8.59036e-004	-8.58746e-004	
368	9.003586e-003	7.152398e-005	-8.59051e-004	-8.58781e-004	
369	9.003650e-003	7.149083e-005	-8.59064e-004	-8.58812e-004	
370	9.003755e-003	7.150663e-005	-8.59084e-004	-8.58857e-004	
371	9.003854e-003	7.147549e-005	-8.59100e-004	-8.58896e-004	
372	9.004042e-003	7.148597e-005	-8.59126e-004	-8.58958e-004	
373	9.004270e-003	7.145301e-005	-8.59151e-004	-8.59020e-004	
374	9.004699e-003	7.146047e-005	-8.59183e-004	-8.59100e-004	
375	9.005511e-003	7.142666e-005	-8.59213e-004	-8.59178e-004	
376	9.006773e-003	7.144229e-005	-8.59227e-004	-8.59213e-004	
377	9.008270e-003	7.142059e-005	-8.59229e-004	-8.59218e-004	
378	9.010653e-003	7.144145e-005	-8.59229e-004	-8.59218e-004	
379	9.014631e-003	7.142060e-005	-8.59229e-004	-8.59218e-004	
380	9.022587e-003	7.144143e-005	-8.59229e-004	-8.59218e-004	
381	9.038498e-003	7.142061e-005	-8.59229e-004	-8.59218e-004	
382	9.070320e-003	7.144142e-005	-8.59229e-004	-8.59218e-004	
383	9.133964e-003	7.142062e-005	-8.59229e-004	-8.59218e-004	
384	9.261253e-003	7.144142e-005	-8.59229e-004	-8.59218e-004	
385	9.515831e-003	7.142062e-005	-8.59229e-004	-8.59218e-004	
386	9.915831e-003	7.144142e-005	-8.59229e-004	-8.59218e-004	
387	1.000100e-002	7.142062e-005	-8.59229e-004	-8.59218e-004	
388	1.000110e-002	7.139071e-005	-7.59313e-004	-8.59218e-004	
389	1.000130e-002	7.128275e-005	-5.59568e-004	-8.59218e-004	
390	1.000156e-002	7.108780e-005	-3.00919e-004	-8.59218e-004	
391	1.000185e-002	7.086146e-005	-1.32292e-005	-8.59218e-004	
392	1.000200e-002	7.079429e-005	1.381485e-004	-8.59218e-004	
393	1.000206e-002	7.083866e-005	1.378948e-004	-8.59218e-004	
394	1.000217e-002	7.104395e-005	1.373889e-004	-8.59218e-004	
395	1.000233e-002	7.217983e-005	1.367411e-004	-8.59217e-004	
396	1.000244e-002	1.194965e-004	1.337575e-004	-8.59200e-004	
397	1.000256e-002	9.838545e-005	9.858566e-005	-8.59195e-004	
398	1.000264e-002	7.751696e-005	7.768862e-005	-8.59196e-004	
399	1.000273e-002	7.193822e-005	7.205408e-005	-8.59195e-004	
400	1.000281e-002	6.954631e-005	6.966603e-005	-8.59195e-004	
401	1.000289e-002	6.968001e-005	6.976082e-005	-8.59194e-004	
402	1.000305e-002	6.906017e-005	6.913981e-005	-8.59192e-004	

Index   time            v1#branch       v2#branch       v3#branch       
--------------------------------------------------------------------------------
403	1.000321e-002	6.970320e-005	6.974588e-005	-8.59187e-004	
404	1.000340e-002	6.930885e-005	6.935746e-005	-8.58870e-004	
405	1.000353e-002	6.982922e-005	6.985241e-005	-8.58663e-004	
406	1.000363e-002	6.940221e-005	6.943899e-005	-8.58541e-004	
407	1.000372e-002	6.986894e-005	6.988476e-005	-8.58434e-004	
408	1.000383e-002	6.948527e-005	6.951424e-005	-8.58337e-004	
409	1.000396e-002	6.991351e-005	6.992279e-005	-8.58234e-004	
410	1.000422e-002	6.957487e-005	6.959475e-005	-8.58092e-004	
411	1.000450e-002	6.998779e-005	6.998846e-005	-8.58000e-004	
412	1.000465e-002	6.963447e-005	6.964869e-005	-8.57955e-004	
413	1.000480e-002	7.000069e-005	6.999898e-005	-8.57914e-004	
414	1.000496e-002	6.966782e-005	6.967943e-005	-8.57884e-004	
415	1.000528e-002	7.001759e-005	7.001347e-005	-8.57830e-004	
416	1.000580e-002	6.970119e-005	6.970962e-005	-8.57784e-004	
417	1.000680e-002	7.004008e-005	7.003348e-005	-8.57738e-004	
418	1.000881e-002	6.971695e-005	6.972382e-005	-8.57724e-004	
419	1.001134e-002	7.004224e-005	7.003537e-005	-8.57722e-004	
420	1.001638e-002	6.971711e-005	6.972401e-005	-8.57725e-004	
421	1.002647e-002	7.004205e-005	7.003517e-005	-8.57722e-004	
422	1.004666e-002	6.971722e-005	6.972412e-005	-8.57725e-004	
423	1.008703e-002	7.004199e-005	7.003512e-005	-8.57722e-004	
424	1.016777e-002	6.971725e-005	6.972414e-005	-8.57725e-004	
425	1.032924e-002	7.004198e-005	7.003510e-005	-8.57722e-004	
426	1.065220e-002	6.971725e-005	6.972415e-005	-8.57725e-004	
427	1.100100e-002	7.004198e-005	7.003510e-005	-8.57722e-004	
428	1.100110e-002	6.988177e-005	6.988171e-005	-7.57793e-004	
429	1.100130e-002	6.987761e-005	6.987766e-005	-5.58000e-004	
430	1.100141e-002	6.988154e-005	6.988150e-005	-4.52592e-004	
431	1.100151e-002	6.987778e-005	6.987783e-005	-3.50211e-004	
432	1.100171e-002	6.988140e-005	6.988136e-005	-1.45550e-004	
433	1.100200e-002	6.987787e-005	6.987791e-005	1.402386e-004	
434	1.100203e-002	6.987955e-005	6.987955e-005	1.401390e-004	
435	1.100209e-002	6.987969e-005	6.987969e-005	1.399406e-004	
436	1.100221e-002	6.987956e-005	6.987956e-005	1.395615e-004	
437	1.100235e-002	6.987968e-005	6.987968e-005	1.391314e-004	
438	1.100251e-002	6.987956e-005	6.987957e-005	1.286807e-004	
439	1.100261e-002	6.987968e-005	6.987968e-005	8.792835e-005	
440	1.100269e-002	6.987957e-005	6.987957e-005	7.677848e-005	
441	1.100276e-002	6.987967e-005	6.987967e-005	7.388407e-005	
442	1.100283e-002	6.987958e-005	6.987958e-005	7.188046e-005	
443	1.100292e-002	6.987967e-005	6.987967e-005	7.195819e-005	
444	1.100308e-002	6.987958e-005	6.987959e-005	7.113640e-005	
445	1.100324e-002	6.987967e-005	6.987967e-005	7.167273e-005	
446	1.100356e-002	6.987959e-005	6.987959e-005	7.110122e-005	
447	1.100408e-002	6.987967e-005	6.987967e-005	7.159788e-005	
448	1.100510e-002	6.987959e-005	6.987959e-005	7.105358e-005	
449	1.100626e-002	6.987967e-005	6.987967e-005	7.156920e-005	
450	1.100813e-002	6.987959e-005	6.987959e-005	7.105063e-005	
451	1.101058e-002	6.987967e-005	6.987967e-005	7.156692e-005	
452	1.101546e-002	6.987959e-005	6.987959e-005	7.105167e-005	
453	1.102524e-002	6.987967e-005	6.987967e-005	7.156642e-005	
454	1.104478e-002	6.987959e-005	6.987959e-005	7.105192e-005	
455	1.108387e-002	6.987967e-005	6.987967e-005	7.156629e-005	
456	1.116205e-002	6.987959e-005	6.987959e-005	7.105198e-005	
457	1.131841e-002	6.987967e-005	6.987967e-005	7.156626e-005	
458	1.163114e-002	6.987959e-005	6.987959e-005	7.105200e-005	
459	1.200000e-002	6.987967e-005	6.987967e-005	7.156625e-005	
460	1.200010e-002	-2.23956e-006	-2.23956e-006	-1.45142e-005	

Index   time            v1#branch       v2#branch       v3#branch       
--------------------------------------------------------------------------------
461	1.200030e-002	-1.62259e-004	-1.62259e-004	-1.76739e-004	
462	1.200045e-002	-3.13034e-004	-3.13034e-004	-3.14566e-004	
463	1.200061e-002	-4.68461e-004	-4.68461e-004	-4.68236e-004	
464	1.200081e-002	-6.67885e-004	-6.67885e-004	-6.67736e-004	
465	1.200100e-002	-8.59648e-004	-8.59648e-004	-8.59584e-004	
466	1.200102e-002	-8.59578e-004	-8.59578e-004	-8.59531e-004	
467	1.200106e-002	-8.59469e-004	-8.59469e-004	-8.59436e-004	
468	1.200110e-002	-8.59356e-004	-8.59356e-004	-8.59338e-004	
469	1.200115e-002	-8.59229e-004	-8.59229e-004	-8.59226e-004	
470	1.200121e-002	-8.59088e-004	-8.59088e-004	-8.59102e-004	
471	1.200127e-002	-8.58967e-004	-8.58967e-004	-8.58995e-004	
472	1.200133e-002	-8.58854e-004	-8.58854e-004	-8.58896e-004	
473	1.200138e-002	-8.58753e-004	-8.58753e-004	-8.58811e-004	
474	1.200146e-002	-8.58634e-004	-8.58634e-004	-8.58715e-004	
475	1.200152e-002	-8.58557e-004	-8.58557e-004	-8.58650e-004	
476	1.200157e-002	-8.58482e-004	-8.58482e-004	-8.58583e-004	
477	1.200163e-002	-8.58414e-004	-8.58414e-004	-8.58523e-004	
478	1.200169e-002	-8.58352e-004	-8.58352e-004	-8.58467e-004	
479	1.200176e-002	-8.58285e-004	-8.58285e-004	-8.58406e-004	
480	1.200183e-002	-8.58222e-004	-8.58222e-004	-8.58349e-004	
481	1.200193e-002	-8.58141e-004	-8.58141e-004	-8.58275e-004	
482	1.200203e-002	-8.58068e-004	-8.58068e-004	-8.58209e-004	
483	1.200221e-002	-8.57969e-004	-8.57969e-004	-8.58118e-004	
484	1.200242e-002	-8.57872e-004	-8.57872e-004	-8.58030e-004	
485	1.200280e-002	-8.57751e-004	-8.57751e-004	-8.57920e-004	
486	1.200349e-002	-8.57634e-004	-8.57634e-004	-8.57815e-004	
487	1.200485e-002	-8.57558e-004	-8.57558e-004	-8.57748e-004	
488	1.200710e-002	-8.57546e-004	-8.57546e-004	-8.57739e-004	
489	1.201028e-002	-8.57548e-004	-8.57548e-004	-8.57740e-004	
490	1.201613e-002	-8.57547e-004	-8.57547e-004	-8.57739e-004	
491	1.202782e-002	-8.57547e-004	-8.57547e-004	-8.57740e-004	
492	1.205120e-002	-8.57547e-004	-8.57547e-004	-8.57740e-004	
493	1.209796e-002	-8.57547e-004	-8.57547e-004	-8.57740e-004	
494	1.219147e-002	-8.57547e-004	-8.57547e-004	-8.57740e-004	
495	1.237851e-002	-8.57547e-004	-8.57547e-004	-8.57740e-004	
496	1.275258e-002	-8.57547e-004	-8.57547e-004	-8.57740e-004	
497	1.300100e-002	-8.57547e-004	-8.57547e-004	-8.57740e-004	
498	1.300110e-002	-7.57616e-004	-8.57574e-004	-8.57740e-004	
499	1.300130e-002	-5.57819e-004	-8.57648e-004	-8.57740e-004	
500	1.300170e-002	-1.58589e-004	-8.57915e-004	-8.57740e-004	
501	1.300200e-002	1.404723e-004	-8.58215e-004	-8.57740e-004	
502	1.300204e-002	1.403510e-004	-8.58250e-004	-8.57740e-004	
503	1.300211e-002	1.401111e-004	-8.58321e-004	-8.57740e-004	
504	1.300226e-002	1.396580e-004	-8.58449e-004	-8.57740e-004	
505	1.300241e-002	1.386515e-004	-8.58549e-004	-8.57739e-004	
506	1.300254e-002	1.157772e-004	-8.58633e-004	-8.57940e-004	
507	1.300264e-002	8.477030e-005	-8.58698e-004	-8.58048e-004	
508	1.300269e-002	7.843834e-005	-8.58729e-004	-8.58102e-004	
509	1.300273e-002	7.525456e-005	-8.58754e-004	-8.58149e-004	
510	1.300278e-002	7.362385e-005	-8.58779e-004	-8.58196e-004	
511	1.300284e-002	7.243114e-005	-8.58807e-004	-8.58253e-004	
512	1.300289e-002	7.207136e-005	-8.58832e-004	-8.58302e-004	
513	1.300298e-002	7.167834e-005	-8.58867e-004	-8.58374e-004	
514	1.300305e-002	7.167243e-005	-8.58897e-004	-8.58435e-004	
515	1.300316e-002	7.153307e-005	-8.58937e-004	-8.58521e-004	
516	1.300328e-002	7.158844e-005	-8.58974e-004	-8.58582e-004	
517	1.300337e-002	7.149933e-005	-8.58999e-004	-8.58646e-004	
518	1.300345e-002	7.155903e-005	-8.59020e-004	-8.58699e-004	

Index   time            v1#branch       v2#branch       v3#branch       
--------------------------------------------------------------------------------
519	1.300353e-002	7.148490e-005	-8.59038e-004	-8.58744e-004	
520	1.300359e-002	7.153820e-005	-8.59051e-004	-8.58774e-004	
521	1.300364e-002	7.147927e-005	-8.59062e-004	-8.58801e-004	
522	1.300372e-002	7.152099e-005	-8.59077e-004	-8.58836e-004	
523	1.300380e-002	7.146978e-005	-8.59090e-004	-8.58868e-004	
524	1.300392e-002	7.150351e-005	-8.59109e-004	-8.58911e-004	
525	1.300405e-002	7.145500e-005	-8.59127e-004	-8.58956e-004	
526	1.300428e-002	7.148291e-005	-8.59151e-004	-8.59016e-004	
527	1.300462e-002	7.143318e-005	-8.59178e-004	-8.59085e-004	
528	1.300527e-002	7.145853e-005	-8.59207e-004	-8.59160e-004	
529	1.300643e-002	7.141392e-005	-8.59225e-004	-8.59209e-004	
530	1.300779e-002	7.144959e-005	-8.59228e-004	-8.59217e-004	
531	1.300996e-002	7.141263e-005	-8.59229e-004	-8.59218e-004	
532	1.301342e-002	7.144941e-005	-8.59229e-004	-8.59218e-004	
533	1.302033e-002	7.141265e-005	-8.59229e-004	-8.59218e-004	
534	1.303417e-002	7.144939e-005	-8.59229e-004	-8.59218e-004	
535	1.306183e-002	7.141266e-005	-8.59229e-004	-8.59218e-004	
536	1.311716e-002	7.144938e-005	-8.59229e-004	-8.59218e-004	
537	1.322783e-002	7.141266e-005	-8.59229e-004	-8.59219e-004	
538	1.344915e-002	7.144938e-005	-8.59229e-004	-8.59218e-004	
539	1.384915e-002	7.141266e-005	-8.59229e-004	-8.59219e-004	
540	1.400100e-002	7.144938e-005	-8.59229e-004	-8.59218e-004	
541	1.400110e-002	7.139113e-005	-7.59313e-004	-8.59218e-004	
542	1.400130e-002	7.128234e-005	-5.59568e-004	-8.59218e-004	
543	1.400164e-002	7.102405e-005	-2.20754e-004	-8.59218e-004	
544	1.400199e-002	7.081020e-005	1.305040e-004	-8.59218e-004	
545	1.400200e-002	7.080759e-005	1.381608e-004	-8.59218e-004	
546	1.400202e-002	7.080993e-005	1.380903e-004	-8.59218e-004	
547	1.400205e-002	7.082204e-005	1.379494e-004	-8.59218e-004	
548	1.400211e-002	7.089128e-005	1.376736e-004	-8.59218e-004	
549	1.400223e-002	7.126743e-005	1.371459e-004	-8.59218e-004	
550	1.400237e-002	7.420170e-005	1.365350e-004	-8.59217e-004	
551	1.400247e-002	1.249324e-004	1.310116e-004	-8.59198e-004	
552	1.400257e-002	9.472922e-005	9.487986e-005	-8.59195e-004	
553	1.400263e-002	7.942944e-005	7.962636e-005	-8.59196e-004	
554	1.400269e-002	7.378572e-005	7.388108e-005	-8.59195e-004	
555	1.400276e-002	7.052908e-005	7.067791e-005	-8.59195e-004	
556	1.400283e-002	7.000222e-005	7.006915e-005	-8.59194e-004	
557	1.400294e-002	6.912376e-005	6.923442e-005	-8.59194e-004	
558	1.400305e-002	6.953977e-005	6.957766e-005	-8.59192e-004	
559	1.400326e-002	6.928761e-005	6.936121e-005	-8.59185e-004	
560	1.400347e-002	6.976643e-005	6.977431e-005	-8.58817e-004	
561	1.400362e-002	6.944579e-005	6.949777e-005	-8.58600e-004	
562	1.400366e-002	6.979662e-005	6.979882e-005	-8.58549e-004	
563	1.400370e-002	6.951124e-005	6.955681e-005	-8.58507e-004	
564	1.400374e-002	6.978662e-005	6.978920e-005	-8.58461e-004	
565	1.400379e-002	6.956509e-005	6.960502e-005	-8.58408e-004	
566	1.400385e-002	6.979763e-005	6.979887e-005	-8.58354e-004	
567	1.400393e-002	6.961474e-005	6.964926e-005	-8.58289e-004	
568	1.400404e-002	6.982746e-005	6.982563e-005	-8.58216e-004	
569	1.400419e-002	6.967045e-005	6.969888e-005	-8.58127e-004	
570	1.400439e-002	6.987641e-005	6.986969e-005	-8.58048e-004	
571	1.400451e-002	6.971773e-005	6.974108e-005	-8.58009e-004	
572	1.400464e-002	6.989540e-005	6.988686e-005	-8.57968e-004	
573	1.400478e-002	6.974660e-005	6.976688e-005	-8.57931e-004	
574	1.400491e-002	6.990895e-005	6.989915e-005	-8.57902e-004	
575	1.400517e-002	6.977288e-005	6.979038e-005	-8.57854e-004	
576	1.400555e-002	6.993289e-005	6.992081e-005	-8.57807e-004	

Index   time            v1#branch       v2#branch       v3#branch       
--------------------------------------------------------------------------------
577	1.400626e-002	6.979970e-005	6.981442e-005	-8.57759e-004	
578	1.400767e-002	6.995143e-005	6.993760e-005	-8.57727e-004	
579	1.400985e-002	6.980882e-005	6.982156e-005	-8.57722e-004	
580	1.401330e-002	6.995156e-005	6.993771e-005	-8.57723e-004	
581	1.402020e-002	6.980768e-005	6.982159e-005	-8.57723e-004	
582	1.403400e-002	6.995147e-005	6.993764e-005	-8.57723e-004	
583	1.406159e-002	6.980772e-005	6.982162e-005	-8.57723e-004	
584	1.411678e-002	6.995145e-005	6.993762e-005	-8.57723e-004	
585	1.422716e-002	6.980773e-005	6.982163e-005	-8.57723e-004	
586	1.444792e-002	6.995145e-005	6.993762e-005	-8.57723e-004	
587	1.484792e-002	6.980773e-005	6.982163e-005	-8.57723e-004	
588	1.500100e-002	6.995172e-005	6.993762e-005	-8.57723e-004	
589	1.500110e-002	6.988053e-005	6.988040e-005	-7.57793e-004	
590	1.500130e-002	6.987897e-005	6.987892e-005	-5.58000e-004	
591	1.500141e-002	6.988045e-005	6.988035e-005	-4.50838e-004	
592	1.500152e-002	6.987887e-005	6.987896e-005	-3.34611e-004	
593	1.500176e-002	6.988038e-005	6.988028e-005	-1.02287e-004	
594	1.500200e-002	6.987890e-005	6.987899e-005	1.402390e-004	
595	1.500203e-002	6.987961e-005	6.987960e-005	1.401245e-004	
596	1.500210e-002	6.987965e-005	6.987965e-005	1.398969e-004	
597	1.500224e-002	6.987961e-005	6.987961e-005	1.394658e-004	
598	1.500239e-002	6.987965e-005	6.987965e-005	1.387880e-004	
599	1.500252e-002	6.987961e-005	6.987961e-005	1.227435e-004	
600	1.500262e-002	6.987965e-005	6.987965e-005	8.656662e-005	
601	1.500268e-002	6.987961e-005	6.987961e-005	7.817938e-005	
602	1.500273e-002	6.987965e-005	6.987964e-005	7.515553e-005	
603	1.500278e-002	6.987961e-005	6.987961e-005	7.319084e-005	
604	1.500283e-002	6.987964e-005	6.987964e-005	7.241908e-005	
605	1.500290e-002	6.987962e-005	6.987962e-005	7.169543e-005	
606	1.500297e-002	6.987964e-005	6.987964e-005	7.162682e-005	
607	1.500309e-002	6.987962e-005	6.987962e-005	7.138054e-005	
608	1.500321e-002	6.987964e-005	6.987964e-005	7.146531e-005	
609	1.500344e-002	6.987962e-005	6.987962e-005	7.132372e-005	
610	1.500374e-002	6.987964e-005	6.987964e-005	7.140717e-005	
611	1.500433e-002	6.987962e-005	6.987962e-005	7.127449e-005	
612	1.500542e-002	6.987964e-005	6.987964e-005	7.136496e-005	
613	1.500683e-002	6.987962e-005	6.987962e-005	7.125683e-005	
614	1.500878e-002	6.987964e-005	6.987964e-005	7.136136e-005	
615	1.501192e-002	6.987962e-005	6.987962e-005	7.125697e-005	
616	1.501822e-002	6.987964e-005	6.987964e-005	7.136125e-005	
617	1.503081e-002	6.987962e-005	6.987962e-005	7.125703e-005	
618	1.505599e-002	6.987964e-005	6.987964e-005	7.136122e-005	
619	1.510636e-002	6.987962e-005	6.987962e-005	7.125705e-005	
620	1.520709e-002	6.987964e-005	6.987964e-005	7.136121e-005	
621	1.540855e-002	6.987962e-005	6.987962e-005	7.125705e-005	
622	1.580855e-002	6.987964e-005	6.987964e-005	7.136120e-005	
623	1.600000e-002	6.987962e-005	6.987962e-005	7.125705e-005	
624	1.600010e-002	-2.23956e-006	-2.23956e-006	-1.45188e-005	
625	1.600030e-002	-1.62259e-004	-1.62259e-004	-1.76735e-004	
626	1.600045e-002	-3.13034e-004	-3.13034e-004	-3.14567e-004	
627	1.600061e-002	-4.68461e-004	-4.68461e-004	-4.68236e-004	
628	1.600081e-002	-6.67886e-004	-6.67886e-004	-6.67737e-004	
629	1.600100e-002	-8.59648e-004	-8.59648e-004	-8.59584e-004	
630	1.600102e-002	-8.59578e-004	-8.59578e-004	-8.59531e-004	
631	1.600106e-002	-8.59469e-004	-8.59469e-004	-8.59436e-004	
632	1.600110e-002	-8.59356e-004	-8.59356e-004	-8.59338e-004	
633	1.600115e-002	-8.59229e-004	-8.59229e-004	-8.59226e-004	
634	1.600121e-002	-8.59088e-004	-8.59088e-004	-8.59102e-004	

Index   time            v1#branch       v2#branch       v3#branch       
--------------------------------------------------------------------------------
635	1.600127e-002	-8.58967e-004	-8.58967e-004	-8.58995e-004	
636	1.600133e-002	-8.58854e-004	-8.58854e-004	-8.58896e-004	
637	1.600138e-002	-8.58753e-004	-8.58753e-004	-8.58811e-004	
638	1.600146e-002	-8.58634e-004	-8.58634e-004	-8.58715e-004	
639	1.600152e-002	-8.58557e-004	-8.58557e-004	-8.58650e-004	
640	1.600157e-002	-8.58482e-004	-8.58482e-004	-8.58583e-004	
641	1.600163e-002	-8.58414e-004	-8.58414e-004	-8.58523e-004	
642	1.600169e-002	-8.58352e-004	-8.58352e-004	-8.58466e-004	
643	1.600176e-002	-8.58285e-004	-8.58285e-004	-8.58406e-004	
644	1.600183e-002	-8.58222e-004	-8.58222e-004	-8.58349e-004	
645	1.600193e-002	-8.58141e-004	-8.58141e-004	-8.58275e-004	
646	1.600203e-002	-8.58069e-004	-8.58069e-004	-8.58209e-004	
647	1.600220e-002	-8.57969e-004	-8.57969e-004	-8.58118e-004	
648	1.600242e-002	-8.57873e-004	-8.57873e-004	-8.58030e-004	
649	1.600280e-002	-8.57751e-004	-8.57751e-004	-8.57920e-004	
650	1.600348e-002	-8.57634e-004	-8.57634e-004	-8.57815e-004	
651	1.600485e-002	-8.57558e-004	-8.57558e-004	-8.57748e-004	
652	1.600710e-002	-8.57546e-004	-8.57546e-004	-8.57739e-004	
653	1.601028e-002	-8.57548e-004	-8.57548e-004	-8.57740e-004	
654	1.601611e-002	-8.57547e-004	-8.57547e-004	-8.57739e-004	
655	1.602779e-002	-8.57547e-004	-8.57547e-004	-8.57740e-004	
656	1.605115e-002	-8.57547e-004	-8.57547e-004	-8.57740e-004	
657	1.609785e-002	-8.57547e-004	-8.57547e-004	-8.57740e-004	
658	1.619127e-002	-8.57547e-004	-8.57547e-004	-8.57740e-004	
659	1.637810e-002	-8.57547e-004	-8.57547e-004	-8.57740e-004	
660	1.675177e-002	-8.57547e-004	-8.57547e-004	-8.57740e-004	
661	1.700100e-002	-8.57547e-004	-8.57547e-004	-8.57740e-004	
662	1.700110e-002	-7.57616e-004	-8.57574e-004	-8.57740e-004	
663	1.700130e-002	-5.57819e-004	-8.57648e-004	-8.57740e-004	
664	1.700170e-002	-1.58589e-004	-8.57915e-004	-8.57740e-004	
665	1.700200e-002	1.404723e-004	-8.58215e-004	-8.57740e-004	
666	1.700204e-002	1.403510e-004	-8.58250e-004	-8.57740e-004	
667	1.700211e-002	1.401112e-004	-8.58320e-004	-8.57740e-004	
668	1.700226e-002	1.396582e-004	-8.58449e-004	-8.57740e-004	
669	1.700241e-002	1.386547e-004	-8.58549e-004	-8.57739e-004	
670	1.700254e-002	1.158310e-004	-8.58633e-004	-8.57940e-004	
671	1.700264e-002	8.478641e-005	-8.58698e-004	-8.58048e-004	
672	1.700269e-002	7.844792e-005	-8.58729e-004	-8.58102e-004	
673	1.700273e-002	7.526763e-005	-8.58753e-004	-8.58149e-004	
674	1.700278e-002	7.362671e-005	-8.58778e-004	-8.58196e-004	
675	1.700284e-002	7.243634e-005	-8.58807e-004	-8.58253e-004	
676	1.700289e-002	7.207332e-005	-8.58832e-004	-8.58302e-004	
677	1.700298e-002	7.168115e-005	-8.58867e-004	-8.58374e-004	
678	1.700305e-002	7.167290e-005	-8.58896e-004	-8.58434e-004	
679	1.700316e-002	7.153413e-005	-8.58936e-004	-8.58520e-004	
680	1.700328e-002	7.158807e-005	-8.58973e-004	-8.58580e-004	
681	1.700337e-002	7.150016e-005	-8.58999e-004	-8.58645e-004	
682	1.700345e-002	7.155853e-005	-8.59020e-004	-8.58698e-004	
683	1.700353e-002	7.148532e-005	-8.59039e-004	-8.58745e-004	
684	1.700359e-002	7.153778e-005	-8.59051e-004	-8.58773e-004	
685	1.700364e-002	7.147996e-005	-8.59062e-004	-8.58800e-004	
686	1.700373e-002	7.152033e-005	-8.59078e-004	-8.58837e-004	
687	1.700380e-002	7.146984e-005	-8.59091e-004	-8.58869e-004	
688	1.700392e-002	7.150270e-005	-8.59110e-004	-8.58914e-004	
689	1.700406e-002	7.145459e-005	-8.59128e-004	-8.58959e-004	
690	1.700429e-002	7.148187e-005	-8.59153e-004	-8.59021e-004	
691	1.700466e-002	7.143245e-005	-8.59180e-004	-8.59091e-004	
692	1.700534e-002	7.145753e-005	-8.59209e-004	-8.59165e-004	

Index   time            v1#branch       v2#branch       v3#branch       
--------------------------------------------------------------------------------
693	1.700656e-002	7.141380e-005	-8.59226e-004	-8.59211e-004	
694	1.700802e-002	7.144935e-005	-8.59229e-004	-8.59217e-004	
695	1.701020e-002	7.141281e-005	-8.59229e-004	-8.59218e-004	
696	1.701390e-002	7.144922e-005	-8.59229e-004	-8.59218e-004	
697	1.702131e-002	7.141282e-005	-8.59229e-004	-8.59218e-004	
698	1.703612e-002	7.144921e-005	-8.59229e-004	-8.59218e-004	
699	1.706574e-002	7.141283e-005	-8.59229e-004	-8.59218e-004	
700	1.712498e-002	7.144920e-005	-8.59229e-004	-8.59218e-004	
701	1.724347e-002	7.141283e-005	-8.59229e-004	-8.59218e-004	
702	1.748044e-002	7.144920e-005	-8.59229e-004	-8.59218e-004	
703	1.788044e-002	7.141284e-005	-8.59229e-004	-8.59218e-004	
704	1.800100e-002	7.144920e-005	-8.59229e-004	-8.59218e-004	
705	1.800110e-002	7.139112e-005	-7.59313e-004	-8.59218e-004	
706	1.800130e-002	7.128234e-005	-5.59568e-004	-8.59218e-004	
707	1.800165e-002	7.101700e-005	-2.11885e-004	-8.59218e-004	
708	1.800200e-002	7.081035e-005	1.381618e-004	-8.59218e-004	
709	1.800204e-002	7.082406e-005	1.380003e-004	-8.59218e-004	
710	1.800211e-002	7.089253e-005	1.376800e-004	-8.59218e-004	
711	1.800225e-002	7.137568e-005	1.370672e-004	-8.59218e-004	
712	1.800240e-002	9.580312e-005	1.357777e-004	-8.59209e-004	
713	1.800254e-002	1.071810e-004	1.078083e-004	-8.59196e-004	
714	1.800264e-002	7.912746e-005	7.924628e-005	-8.59195e-004	
715	1.800272e-002	7.242364e-005	7.258581e-005	-8.59195e-004	
716	1.800279e-002	7.010973e-005	7.018759e-005	-8.59195e-004	
717	1.800285e-002	6.978698e-005	6.991279e-005	-8.59194e-004	
718	1.800298e-002	6.911896e-005	6.916573e-005	-8.59193e-004	
719	1.800310e-002	6.953250e-005	6.961924e-005	-8.59191e-004	
720	1.800326e-002	6.931509e-005	6.933686e-005	-8.59183e-004	
721	1.800343e-002	6.971576e-005	6.977537e-005	-8.58845e-004	
722	1.800355e-002	6.944972e-005	6.945645e-005	-8.58660e-004	
723	1.800361e-002	6.975082e-005	6.980024e-005	-8.58587e-004	
724	1.800366e-002	6.951442e-005	6.951954e-005	-8.58531e-004	
725	1.800371e-002	6.975461e-005	6.979784e-005	-8.58476e-004	
726	1.800378e-002	6.957199e-005	6.957510e-005	-8.58406e-004	
727	1.800386e-002	6.978251e-005	6.981947e-005	-8.58334e-004	
728	1.800395e-002	6.962778e-005	6.962756e-005	-8.58262e-004	
729	1.800410e-002	6.982672e-005	6.985702e-005	-8.58163e-004	
730	1.800425e-002	6.968966e-005	6.968451e-005	-8.58084e-004	
731	1.800446e-002	6.987261e-005	6.989690e-005	-8.58021e-004	
732	1.800456e-002	6.973296e-005	6.972484e-005	-8.57985e-004	
733	1.800466e-002	6.988362e-005	6.990500e-005	-8.57958e-004	
734	1.800477e-002	6.975810e-005	6.974913e-005	-8.57928e-004	
735	1.800497e-002	6.989986e-005	6.991842e-005	-8.57886e-004	
736	1.800523e-002	6.978690e-005	6.977584e-005	-8.57842e-004	
737	1.800571e-002	6.992481e-005	6.994036e-005	-8.57792e-004	
738	1.800665e-002	6.981448e-005	6.980105e-005	-8.57744e-004	
739	1.800853e-002	6.994092e-005	6.995473e-005	-8.57723e-004	
740	1.801087e-002	6.981936e-005	6.980499e-005	-8.57723e-004	
741	1.801543e-002	6.994037e-005	6.995418e-005	-8.57723e-004	
742	1.802453e-002	6.981887e-005	6.980513e-005	-8.57723e-004	
743	1.804274e-002	6.994029e-005	6.995410e-005	-8.57723e-004	
744	1.807917e-002	6.981891e-005	6.980517e-005	-8.57723e-004	
745	1.815202e-002	6.994027e-005	6.995408e-005	-8.57723e-004	
746	1.829772e-002	6.981891e-005	6.980518e-005	-8.57723e-004	
747	1.858912e-002	6.994026e-005	6.995407e-005	-8.57723e-004	
748	1.898912e-002	6.981892e-005	6.980518e-005	-8.57723e-004	
749	1.900100e-002	6.994038e-005	6.995403e-005	-8.57723e-004	
750	1.900110e-002	6.988058e-005	6.988063e-005	-7.57793e-004	

Index   time            v1#branch       v2#branch       v3#branch       
--------------------------------------------------------------------------------
751	1.900130e-002	6.987897e-005	6.987873e-005	-5.58000e-004	
752	1.900141e-002	6.988049e-005	6.988057e-005	-4.52263e-004	
753	1.900151e-002	6.987888e-005	6.987878e-005	-3.49571e-004	
754	1.900171e-002	6.988039e-005	6.988047e-005	-1.44288e-004	
755	1.900200e-002	6.987890e-005	6.987881e-005	1.402396e-004	
756	1.900203e-002	6.987960e-005	6.987960e-005	1.401394e-004	
757	1.900209e-002	6.987966e-005	6.987966e-005	1.399400e-004	
758	1.900221e-002	6.987960e-005	6.987960e-005	1.395589e-004	
759	1.900236e-002	6.987966e-005	6.987966e-005	1.391107e-004	
760	1.900253e-002	6.987960e-005	6.987960e-005	1.217248e-004	
761	1.900264e-002	6.987966e-005	6.987966e-005	8.268630e-005	
762	1.900270e-002	6.987961e-005	6.987960e-005	7.616002e-005	
763	1.900275e-002	6.987965e-005	6.987965e-005	7.420186e-005	
764	1.900280e-002	6.987961e-005	6.987961e-005	7.271181e-005	
765	1.900285e-002	6.987965e-005	6.987965e-005	7.220266e-005	
766	1.900293e-002	6.987961e-005	6.987961e-005	7.153582e-005	
767	1.900301e-002	6.987964e-005	6.987964e-005	7.159723e-005	
768	1.900316e-002	6.987962e-005	6.987961e-005	7.132108e-005	
769	1.900332e-002	6.987964e-005	6.987964e-005	7.148126e-005	
770	1.900363e-002	6.987962e-005	6.987961e-005	7.127347e-005	
771	1.900413e-002	6.987964e-005	6.987964e-005	7.142028e-005	
772	1.900512e-002	6.987962e-005	6.987961e-005	7.122841e-005	
773	1.900627e-002	6.987964e-005	6.987964e-005	7.139540e-005	
774	1.900821e-002	6.987962e-005	6.987961e-005	7.122383e-005	
775	1.901067e-002	6.987964e-005	6.987964e-005	7.139415e-005	
776	1.901558e-002	6.987962e-005	6.987961e-005	7.122422e-005	
777	1.902540e-002	6.987964e-005	6.987964e-005	7.139398e-005	
778	1.904505e-002	6.987962e-005	6.987961e-005	7.122431e-005	
779	1.908434e-002	6.987964e-005	6.987964e-005	7.139394e-005	
780	1.916293e-002	6.987962e-005	6.987961e-005	7.122433e-005	
781	1.932010e-002	6.987964e-005	6.987964e-005	7.139393e-005	
782	1.963444e-002	6.987962e-005	6.987961e-005	7.122433e-005	
783	2.000000e-002	6.987964e-005	6.987964e-005	7.139392e-005	

* c:\users\lenovo\esim-workspace\rtl_full_adder_design_and_simulation\rtl_full_adder_design_and_simulation.cir
Transient Analysis  Wed May 05 16:09:59  2021
--------------------------------------------------------------------------------
Index   time            v4#branch       
--------------------------------------------------------------------------------
0	0.000000e+000	-3.19505e-002	
1	1.000000e-008	-3.19492e-002	
2	1.092579e-008	-3.19491e-002	
3	1.277737e-008	-3.19488e-002	
4	1.648053e-008	-3.19483e-002	
5	2.388685e-008	-3.19473e-002	
6	3.869949e-008	-3.19457e-002	
7	6.832477e-008	-3.19434e-002	
8	1.275753e-007	-3.19413e-002	
9	2.205650e-007	-3.23658e-002	
10	3.244284e-007	-3.57355e-002	
11	4.275598e-007	-3.76559e-002	
12	5.614418e-007	-4.03715e-002	
13	7.082311e-007	-4.04256e-002	
14	9.147326e-007	-4.03749e-002	
15	1.000000e-006	-3.79863e-002	
16	1.017987e-006	-3.72605e-002	
17	1.053962e-006	-3.59389e-002	
18	1.125912e-006	-3.54678e-002	
19	1.180879e-006	-3.55047e-002	
20	1.231666e-006	-3.52514e-002	
21	1.296705e-006	-3.30605e-002	
22	1.356643e-006	-3.08487e-002	
23	1.444701e-006	-3.05557e-002	
24	1.513876e-006	-3.06174e-002	
25	1.580702e-006	-3.05614e-002	
26	1.667480e-006	-3.06148e-002	
27	1.749837e-006	-3.05684e-002	
28	1.884604e-006	-3.06157e-002	
29	2.034069e-006	-3.05748e-002	
30	2.288393e-006	-3.06190e-002	
31	2.689225e-006	-3.05810e-002	
32	3.436978e-006	-3.06236e-002	
33	4.932485e-006	-3.05850e-002	
34	7.008550e-006	-3.06248e-002	
35	1.024715e-005	-3.05852e-002	
36	1.579744e-005	-3.06248e-002	
37	2.689803e-005	-3.05852e-002	
38	4.909919e-005	-3.06248e-002	
39	9.350152e-005	-3.05852e-002	
40	1.823062e-004	-3.06248e-002	
41	3.599155e-004	-3.05852e-002	
42	7.151341e-004	-3.06248e-002	
43	1.001000e-003	-3.05852e-002	
44	1.001100e-003	-3.06047e-002	
45	1.001300e-003	-3.06047e-002	
46	1.001463e-003	-3.06027e-002	
47	1.001672e-003	-3.05998e-002	
48	1.002000e-003	-3.05862e-002	
49	1.002042e-003	-3.05833e-002	
50	1.002126e-003	-3.05752e-002	
51	1.002293e-003	-3.05440e-002	
52	1.002460e-003	-2.89061e-002	
53	1.002587e-003	-3.01842e-002	
54	1.002690e-003	-3.02782e-002	

Index   time            v4#branch       
--------------------------------------------------------------------------------
55	1.002790e-003	-3.02017e-002	
56	1.002904e-003	-3.02701e-002	
57	1.003010e-003	-3.01906e-002	
58	1.003164e-003	-3.02001e-002	
59	1.003319e-003	-2.96944e-002	
60	1.003430e-003	-3.06160e-002	
61	1.003506e-003	-3.06276e-002	
62	1.003577e-003	-3.06324e-002	
63	1.003649e-003	-3.06372e-002	
64	1.003732e-003	-3.06399e-002	
65	1.003860e-003	-3.06440e-002	
66	1.004007e-003	-3.06460e-002	
67	1.004262e-003	-3.06492e-002	
68	1.004664e-003	-3.06507e-002	
69	1.005437e-003	-3.06524e-002	
70	1.006569e-003	-3.06524e-002	
71	1.008136e-003	-3.06528e-002	
72	1.010248e-003	-3.06524e-002	
73	1.014470e-003	-3.06528e-002	
74	1.022915e-003	-3.06524e-002	
75	1.039804e-003	-3.06528e-002	
76	1.073582e-003	-3.06524e-002	
77	1.141140e-003	-3.06528e-002	
78	1.276254e-003	-3.06524e-002	
79	1.546482e-003	-3.06528e-002	
80	1.946482e-003	-3.06524e-002	
81	2.001000e-003	-3.06528e-002	
82	2.001100e-003	-3.06525e-002	
83	2.001300e-003	-3.06512e-002	
84	2.001461e-003	-3.06487e-002	
85	2.001655e-003	-3.06431e-002	
86	2.002000e-003	-3.06184e-002	
87	2.002039e-003	-3.06130e-002	
88	2.002116e-003	-3.05993e-002	
89	2.002271e-003	-3.05505e-002	
90	2.002429e-003	-2.85027e-002	
91	2.002573e-003	-3.59888e-002	
92	2.002672e-003	-3.61503e-002	
93	2.002779e-003	-3.61088e-002	
94	2.002894e-003	-3.61855e-002	
95	2.003004e-003	-3.61261e-002	
96	2.003224e-003	-3.61571e-002	
97	2.003433e-003	-3.64056e-002	
98	2.003583e-003	-3.64987e-002	
99	2.003658e-003	-3.64935e-002	
100	2.003721e-003	-3.65052e-002	
101	2.003783e-003	-3.64957e-002	
102	2.003877e-003	-3.65007e-002	
103	2.004002e-003	-3.64763e-002	
104	2.004167e-003	-3.44372e-002	
105	2.004391e-003	-3.15044e-002	
106	2.004506e-003	-3.16209e-002	
107	2.004636e-003	-3.15109e-002	
108	2.004824e-003	-3.16192e-002	
109	2.005012e-003	-3.15173e-002	
110	2.005387e-003	-3.16196e-002	
111	2.006040e-003	-3.15220e-002	
112	2.007334e-003	-3.16214e-002	

Index   time            v4#branch       
--------------------------------------------------------------------------------
113	2.009569e-003	-3.15234e-002	
114	2.012548e-003	-3.16213e-002	
115	2.018505e-003	-3.15236e-002	
116	2.030419e-003	-3.16212e-002	
117	2.054248e-003	-3.15236e-002	
118	2.101906e-003	-3.16212e-002	
119	2.197222e-003	-3.15236e-002	
120	2.387853e-003	-3.16212e-002	
121	2.769116e-003	-3.15236e-002	
122	3.001000e-003	-3.16212e-002	
123	3.001100e-003	-3.15732e-002	
124	3.001300e-003	-3.15711e-002	
125	3.001406e-003	-3.15718e-002	
126	3.001508e-003	-3.15692e-002	
127	3.001713e-003	-3.15667e-002	
128	3.002000e-003	-3.15534e-002	
129	3.002030e-003	-3.15517e-002	
130	3.002090e-003	-3.15463e-002	
131	3.002211e-003	-3.15308e-002	
132	3.002333e-003	-3.14927e-002	
133	3.002477e-003	-3.00469e-002	
134	3.002578e-003	-3.18723e-002	
135	3.002662e-003	-3.19590e-002	
136	3.002744e-003	-3.19016e-002	
137	3.002836e-003	-3.19667e-002	
138	3.002920e-003	-3.19136e-002	
139	3.003089e-003	-3.19706e-002	
140	3.003265e-003	-3.19214e-002	
141	3.003615e-003	-3.19735e-002	
142	3.004199e-003	-3.19254e-002	
143	3.005365e-003	-3.19748e-002	
144	3.006549e-003	-3.19262e-002	
145	3.008593e-003	-3.19746e-002	
146	3.011229e-003	-3.19264e-002	
147	3.016499e-003	-3.19745e-002	
148	3.027041e-003	-3.19264e-002	
149	3.048124e-003	-3.19745e-002	
150	3.090290e-003	-3.19264e-002	
151	3.174622e-003	-3.19745e-002	
152	3.343286e-003	-3.19264e-002	
153	3.680614e-003	-3.19745e-002	
154	4.000000e-003	-3.19264e-002	
155	4.000100e-003	-3.19439e-002	
156	4.000300e-003	-3.52317e-002	
157	4.000452e-003	-3.82947e-002	
158	4.000607e-003	-4.04016e-002	
159	4.000808e-003	-4.04135e-002	
160	4.001000e-003	-3.65811e-002	
161	4.001018e-003	-3.59589e-002	
162	4.001055e-003	-3.54926e-002	
163	4.001097e-003	-3.55175e-002	
164	4.001147e-003	-3.54773e-002	
165	4.001209e-003	-3.54652e-002	
166	4.001266e-003	-3.42768e-002	
167	4.001326e-003	-3.19528e-002	
168	4.001384e-003	-3.05923e-002	
169	4.001461e-003	-3.05910e-002	
170	4.001516e-003	-3.05846e-002	

Index   time            v4#branch       
--------------------------------------------------------------------------------
171	4.001575e-003	-3.05905e-002	
172	4.001632e-003	-3.05866e-002	
173	4.001690e-003	-3.05921e-002	
174	4.001757e-003	-3.05895e-002	
175	4.001828e-003	-3.05943e-002	
176	4.001929e-003	-3.05927e-002	
177	4.002034e-003	-3.05972e-002	
178	4.002205e-003	-3.05962e-002	
179	4.002419e-003	-3.06008e-002	
180	4.002803e-003	-3.06003e-002	
181	4.003485e-003	-3.06050e-002	
182	4.004849e-003	-3.06035e-002	
183	4.007097e-003	-3.06063e-002	
184	4.010278e-003	-3.06036e-002	
185	4.016118e-003	-3.06063e-002	
186	4.027798e-003	-3.06036e-002	
187	4.051157e-003	-3.06063e-002	
188	4.097877e-003	-3.06036e-002	
189	4.191316e-003	-3.06063e-002	
190	4.378194e-003	-3.06036e-002	
191	4.751951e-003	-3.06063e-002	
192	5.001000e-003	-3.06036e-002	
193	5.001100e-003	-3.06050e-002	
194	5.001300e-003	-3.06044e-002	
195	5.001700e-003	-3.05990e-002	
196	5.002000e-003	-3.05867e-002	
197	5.002038e-003	-3.05838e-002	
198	5.002113e-003	-3.05769e-002	
199	5.002264e-003	-3.05534e-002	
200	5.002407e-003	-2.96324e-002	
201	5.002544e-003	-3.01411e-002	
202	5.002638e-003	-3.02386e-002	
203	5.002689e-003	-3.02308e-002	
204	5.002734e-003	-3.02434e-002	
205	5.002782e-003	-3.02341e-002	
206	5.002840e-003	-3.02415e-002	
207	5.002895e-003	-3.02314e-002	
208	5.002976e-003	-3.02319e-002	
209	5.003052e-003	-3.02150e-002	
210	5.003164e-003	-3.01764e-002	
211	5.003280e-003	-2.75984e-002	
212	5.003372e-003	-3.05724e-002	
213	5.003452e-003	-3.06287e-002	
214	5.003530e-003	-3.06180e-002	
215	5.003589e-003	-3.06416e-002	
216	5.003645e-003	-3.06279e-002	
217	5.003724e-003	-3.06468e-002	
218	5.003801e-003	-3.06350e-002	
219	5.003922e-003	-3.06512e-002	
220	5.004061e-003	-3.06406e-002	
221	5.004294e-003	-3.06552e-002	
222	5.004656e-003	-3.06448e-002	
223	5.005343e-003	-3.06580e-002	
224	5.006480e-003	-3.06466e-002	
225	5.007989e-003	-3.06585e-002	
226	5.010094e-003	-3.06468e-002	
227	5.013878e-003	-3.06584e-002	
228	5.021446e-003	-3.06468e-002	

Index   time            v4#branch       
--------------------------------------------------------------------------------
229	5.036581e-003	-3.06584e-002	
230	5.066851e-003	-3.06468e-002	
231	5.127391e-003	-3.06584e-002	
232	5.248471e-003	-3.06468e-002	
233	5.490631e-003	-3.06584e-002	
234	5.890631e-003	-3.06468e-002	
235	6.001000e-003	-3.06585e-002	
236	6.001100e-003	-3.06526e-002	
237	6.001300e-003	-3.06512e-002	
238	6.001633e-003	-3.06441e-002	
239	6.001981e-003	-3.06210e-002	
240	6.002000e-003	-3.06187e-002	
241	6.002039e-003	-3.06132e-002	
242	6.002116e-003	-3.05995e-002	
243	6.002271e-003	-3.05513e-002	
244	6.002424e-003	-2.86778e-002	
245	6.002567e-003	-3.59679e-002	
246	6.002668e-003	-3.61449e-002	
247	6.002776e-003	-3.61104e-002	
248	6.002884e-003	-3.61819e-002	
249	6.002987e-003	-3.61282e-002	
250	6.003194e-003	-3.61631e-002	
251	6.003387e-003	-3.58078e-002	
252	6.003531e-003	-3.64711e-002	
253	6.003633e-003	-3.65147e-002	
254	6.003730e-003	-3.64861e-002	
255	6.003839e-003	-3.65137e-002	
256	6.003975e-003	-3.64731e-002	
257	6.004230e-003	-3.22033e-002	
258	6.004485e-003	-3.14813e-002	
259	6.004625e-003	-3.16413e-002	
260	6.004769e-003	-3.14934e-002	
261	6.004915e-003	-3.16373e-002	
262	6.005208e-003	-3.15007e-002	
263	6.005650e-003	-3.16379e-002	
264	6.006497e-003	-3.15050e-002	
265	6.008190e-003	-3.16390e-002	
266	6.010490e-003	-3.15060e-002	
267	6.014890e-003	-3.16387e-002	
268	6.023688e-003	-3.15062e-002	
269	6.041286e-003	-3.16386e-002	
270	6.076480e-003	-3.15062e-002	
271	6.146870e-003	-3.16386e-002	
272	6.287648e-003	-3.15062e-002	
273	6.569206e-003	-3.16386e-002	
274	6.969206e-003	-3.15062e-002	
275	7.001000e-003	-3.16386e-002	
276	7.001100e-003	-3.15735e-002	
277	7.001300e-003	-3.15708e-002	
278	7.001405e-003	-3.15720e-002	
279	7.001508e-003	-3.15690e-002	
280	7.001713e-003	-3.15670e-002	
281	7.002000e-003	-3.15531e-002	
282	7.002030e-003	-3.15517e-002	
283	7.002090e-003	-3.15463e-002	
284	7.002211e-003	-3.15308e-002	
285	7.002328e-003	-3.14958e-002	
286	7.002467e-003	-2.95809e-002	

Index   time            v4#branch       
--------------------------------------------------------------------------------
287	7.002567e-003	-3.18706e-002	
288	7.002654e-003	-3.19527e-002	
289	7.002739e-003	-3.19053e-002	
290	7.002824e-003	-3.19618e-002	
291	7.002902e-003	-3.19170e-002	
292	7.003056e-003	-3.19659e-002	
293	7.003209e-003	-3.19248e-002	
294	7.003514e-003	-3.19691e-002	
295	7.003988e-003	-3.19291e-002	
296	7.004931e-003	-3.19707e-002	
297	7.006076e-003	-3.19301e-002	
298	7.007823e-003	-3.19707e-002	
299	7.010124e-003	-3.19303e-002	
300	7.014725e-003	-3.19706e-002	
301	7.023926e-003	-3.19303e-002	
302	7.042330e-003	-3.19706e-002	
303	7.079137e-003	-3.19303e-002	
304	7.152751e-003	-3.19706e-002	
305	7.299979e-003	-3.19303e-002	
306	7.594434e-003	-3.19706e-002	
307	7.994434e-003	-3.19303e-002	
308	8.000000e-003	-3.19706e-002	
309	8.000079e-003	-3.19451e-002	
310	8.000238e-003	-3.29005e-002	
311	8.000382e-003	-3.67795e-002	
312	8.000519e-003	-3.99352e-002	
313	8.000691e-003	-4.04253e-002	
314	8.000885e-003	-4.04073e-002	
315	8.001000e-003	-3.82566e-002	
316	8.001015e-003	-3.76393e-002	
317	8.001046e-003	-3.64254e-002	
318	8.001108e-003	-3.54890e-002	
319	8.001163e-003	-3.54960e-002	
320	8.001224e-003	-3.52968e-002	
321	8.001280e-003	-3.34776e-002	
322	8.001334e-003	-3.13200e-002	
323	8.001394e-003	-3.05632e-002	
324	8.001453e-003	-3.06119e-002	
325	8.001517e-003	-3.05664e-002	
326	8.001582e-003	-3.06078e-002	
327	8.001647e-003	-3.05721e-002	
328	8.001741e-003	-3.06076e-002	
329	8.001828e-003	-3.05778e-002	
330	8.001971e-003	-3.06095e-002	
331	8.002141e-003	-3.05832e-002	
332	8.002426e-003	-3.06132e-002	
333	8.002903e-003	-3.05887e-002	
334	8.003814e-003	-3.06175e-002	
335	8.005637e-003	-3.05917e-002	
336	8.007889e-003	-3.06182e-002	
337	8.011757e-003	-3.05918e-002	
338	8.019276e-003	-3.06182e-002	
339	8.034313e-003	-3.05918e-002	
340	8.064387e-003	-3.06182e-002	
341	8.124536e-003	-3.05918e-002	
342	8.244833e-003	-3.06182e-002	
343	8.485426e-003	-3.05918e-002	
344	8.885426e-003	-3.06182e-002	

Index   time            v4#branch       
--------------------------------------------------------------------------------
345	9.001000e-003	-3.05918e-002	
346	9.001100e-003	-3.06048e-002	
347	9.001300e-003	-3.06046e-002	
348	9.001519e-003	-3.06020e-002	
349	9.001775e-003	-3.05970e-002	
350	9.002000e-003	-3.05862e-002	
351	9.002051e-003	-3.05824e-002	
352	9.002154e-003	-3.05718e-002	
353	9.002358e-003	-3.04981e-002	
354	9.002554e-003	-3.01792e-002	
355	9.002694e-003	-3.02388e-002	
356	9.002732e-003	-3.02337e-002	
357	9.002762e-003	-3.02396e-002	
358	9.002799e-003	-3.02349e-002	
359	9.002849e-003	-3.02374e-002	
360	9.002895e-003	-3.02315e-002	
361	9.002966e-003	-3.02287e-002	
362	9.003031e-003	-3.02170e-002	
363	9.003154e-003	-3.01653e-002	
364	9.003273e-003	-2.78216e-002	
365	9.003366e-003	-3.05744e-002	
366	9.003442e-003	-3.06371e-002	
367	9.003516e-003	-3.06116e-002	
368	9.003586e-003	-3.06486e-002	
369	9.003650e-003	-3.06231e-002	
370	9.003755e-003	-3.06539e-002	
371	9.003854e-003	-3.06314e-002	
372	9.004042e-003	-3.06587e-002	
373	9.004270e-003	-3.06375e-002	
374	9.004699e-003	-3.06623e-002	
375	9.005511e-003	-3.06410e-002	
376	9.006773e-003	-3.06638e-002	
377	9.008270e-003	-3.06415e-002	
378	9.010653e-003	-3.06638e-002	
379	9.014631e-003	-3.06415e-002	
380	9.022587e-003	-3.06637e-002	
381	9.038498e-003	-3.06415e-002	
382	9.070320e-003	-3.06637e-002	
383	9.133964e-003	-3.06415e-002	
384	9.261253e-003	-3.06637e-002	
385	9.515831e-003	-3.06415e-002	
386	9.915831e-003	-3.06637e-002	
387	1.000100e-002	-3.06415e-002	
388	1.000110e-002	-3.06523e-002	
389	1.000130e-002	-3.06514e-002	
390	1.000156e-002	-3.06461e-002	
391	1.000185e-002	-3.06333e-002	
392	1.000200e-002	-3.06182e-002	
393	1.000206e-002	-3.06100e-002	
394	1.000217e-002	-3.05861e-002	
395	1.000233e-002	-3.05077e-002	
396	1.000244e-002	-2.80071e-002	
397	1.000256e-002	-3.59756e-002	
398	1.000264e-002	-3.61307e-002	
399	1.000273e-002	-3.61116e-002	
400	1.000281e-002	-3.61687e-002	
401	1.000289e-002	-3.61347e-002	
402	1.000305e-002	-3.61744e-002	

Index   time            v4#branch       
--------------------------------------------------------------------------------
403	1.000321e-002	-3.61147e-002	
404	1.000340e-002	-3.58500e-002	
405	1.000353e-002	-3.64244e-002	
406	1.000363e-002	-3.65578e-002	
407	1.000372e-002	-3.64452e-002	
408	1.000383e-002	-3.65535e-002	
409	1.000396e-002	-3.64379e-002	
410	1.000422e-002	-3.27837e-002	
411	1.000450e-002	-3.14416e-002	
412	1.000465e-002	-3.16802e-002	
413	1.000480e-002	-3.14563e-002	
414	1.000496e-002	-3.16740e-002	
415	1.000528e-002	-3.14651e-002	
416	1.000580e-002	-3.16740e-002	
417	1.000680e-002	-3.14697e-002	
418	1.000881e-002	-3.16746e-002	
419	1.001134e-002	-3.14705e-002	
420	1.001638e-002	-3.16742e-002	
421	1.002647e-002	-3.14707e-002	
422	1.004666e-002	-3.16741e-002	
423	1.008703e-002	-3.14708e-002	
424	1.016777e-002	-3.16740e-002	
425	1.032924e-002	-3.14708e-002	
426	1.065220e-002	-3.16740e-002	
427	1.100100e-002	-3.14708e-002	
428	1.100110e-002	-3.15709e-002	
429	1.100130e-002	-3.15733e-002	
430	1.100141e-002	-3.15697e-002	
431	1.100151e-002	-3.15712e-002	
432	1.100171e-002	-3.15648e-002	
433	1.100200e-002	-3.15552e-002	
434	1.100203e-002	-3.15517e-002	
435	1.100209e-002	-3.15462e-002	
436	1.100221e-002	-3.15308e-002	
437	1.100235e-002	-3.14729e-002	
438	1.100251e-002	-3.09463e-002	
439	1.100261e-002	-3.18861e-002	
440	1.100269e-002	-3.19577e-002	
441	1.100276e-002	-3.19068e-002	
442	1.100283e-002	-3.19624e-002	
443	1.100292e-002	-3.19175e-002	
444	1.100308e-002	-3.19666e-002	
445	1.100324e-002	-3.19250e-002	
446	1.100356e-002	-3.19695e-002	
447	1.100408e-002	-3.19291e-002	
448	1.100510e-002	-3.19709e-002	
449	1.100626e-002	-3.19300e-002	
450	1.100813e-002	-3.19708e-002	
451	1.101058e-002	-3.19301e-002	
452	1.101546e-002	-3.19708e-002	
453	1.102524e-002	-3.19302e-002	
454	1.104478e-002	-3.19708e-002	
455	1.108387e-002	-3.19302e-002	
456	1.116205e-002	-3.19707e-002	
457	1.131841e-002	-3.19302e-002	
458	1.163114e-002	-3.19707e-002	
459	1.200000e-002	-3.19302e-002	
460	1.200010e-002	-3.19440e-002	

Index   time            v4#branch       
--------------------------------------------------------------------------------
461	1.200030e-002	-3.52317e-002	
462	1.200045e-002	-3.82947e-002	
463	1.200061e-002	-4.04016e-002	
464	1.200081e-002	-4.04135e-002	
465	1.200100e-002	-3.65811e-002	
466	1.200102e-002	-3.59589e-002	
467	1.200106e-002	-3.54926e-002	
468	1.200110e-002	-3.55175e-002	
469	1.200115e-002	-3.54773e-002	
470	1.200121e-002	-3.54652e-002	
471	1.200127e-002	-3.42767e-002	
472	1.200133e-002	-3.19527e-002	
473	1.200138e-002	-3.05923e-002	
474	1.200146e-002	-3.05910e-002	
475	1.200152e-002	-3.05846e-002	
476	1.200157e-002	-3.05905e-002	
477	1.200163e-002	-3.05866e-002	
478	1.200169e-002	-3.05921e-002	
479	1.200176e-002	-3.05895e-002	
480	1.200183e-002	-3.05943e-002	
481	1.200193e-002	-3.05927e-002	
482	1.200203e-002	-3.05972e-002	
483	1.200221e-002	-3.05962e-002	
484	1.200242e-002	-3.06008e-002	
485	1.200280e-002	-3.06003e-002	
486	1.200349e-002	-3.06050e-002	
487	1.200485e-002	-3.06035e-002	
488	1.200710e-002	-3.06064e-002	
489	1.201028e-002	-3.06036e-002	
490	1.201613e-002	-3.06063e-002	
491	1.202782e-002	-3.06036e-002	
492	1.205120e-002	-3.06063e-002	
493	1.209796e-002	-3.06036e-002	
494	1.219147e-002	-3.06063e-002	
495	1.237851e-002	-3.06036e-002	
496	1.275258e-002	-3.06063e-002	
497	1.300100e-002	-3.06036e-002	
498	1.300110e-002	-3.06050e-002	
499	1.300130e-002	-3.06044e-002	
500	1.300170e-002	-3.05990e-002	
501	1.300200e-002	-3.05867e-002	
502	1.300204e-002	-3.05838e-002	
503	1.300211e-002	-3.05769e-002	
504	1.300226e-002	-3.05534e-002	
505	1.300241e-002	-2.96339e-002	
506	1.300254e-002	-3.01408e-002	
507	1.300264e-002	-3.02386e-002	
508	1.300269e-002	-3.02309e-002	
509	1.300273e-002	-3.02434e-002	
510	1.300278e-002	-3.02342e-002	
511	1.300284e-002	-3.02415e-002	
512	1.300289e-002	-3.02314e-002	
513	1.300298e-002	-3.02319e-002	
514	1.300305e-002	-3.02151e-002	
515	1.300316e-002	-3.01769e-002	
516	1.300328e-002	-2.75835e-002	
517	1.300337e-002	-3.05720e-002	
518	1.300345e-002	-3.06283e-002	

Index   time            v4#branch       
--------------------------------------------------------------------------------
519	1.300353e-002	-3.06183e-002	
520	1.300359e-002	-3.06412e-002	
521	1.300364e-002	-3.06280e-002	
522	1.300372e-002	-3.06464e-002	
523	1.300380e-002	-3.06351e-002	
524	1.300392e-002	-3.06509e-002	
525	1.300405e-002	-3.06407e-002	
526	1.300428e-002	-3.06548e-002	
527	1.300462e-002	-3.06450e-002	
528	1.300527e-002	-3.06577e-002	
529	1.300643e-002	-3.06469e-002	
530	1.300779e-002	-3.06583e-002	
531	1.300996e-002	-3.06471e-002	
532	1.301342e-002	-3.06582e-002	
533	1.302033e-002	-3.06470e-002	
534	1.303417e-002	-3.06582e-002	
535	1.306183e-002	-3.06470e-002	
536	1.311716e-002	-3.06582e-002	
537	1.322783e-002	-3.06470e-002	
538	1.344915e-002	-3.06582e-002	
539	1.384915e-002	-3.06470e-002	
540	1.400100e-002	-3.06582e-002	
541	1.400110e-002	-3.06526e-002	
542	1.400130e-002	-3.06512e-002	
543	1.400164e-002	-3.06439e-002	
544	1.400199e-002	-3.06196e-002	
545	1.400200e-002	-3.06187e-002	
546	1.400202e-002	-3.06165e-002	
547	1.400205e-002	-3.06119e-002	
548	1.400211e-002	-3.06010e-002	
549	1.400223e-002	-3.05681e-002	
550	1.400237e-002	-3.03958e-002	
551	1.400247e-002	-2.82185e-002	
552	1.400257e-002	-3.60104e-002	
553	1.400263e-002	-3.61197e-002	
554	1.400269e-002	-3.61091e-002	
555	1.400276e-002	-3.61569e-002	
556	1.400283e-002	-3.61356e-002	
557	1.400294e-002	-3.61706e-002	
558	1.400305e-002	-3.61433e-002	
559	1.400326e-002	-3.61266e-002	
560	1.400347e-002	-3.64061e-002	
561	1.400362e-002	-3.65078e-002	
562	1.400366e-002	-3.64855e-002	
563	1.400370e-002	-3.65100e-002	
564	1.400374e-002	-3.64916e-002	
565	1.400379e-002	-3.65095e-002	
566	1.400385e-002	-3.64921e-002	
567	1.400393e-002	-3.65023e-002	
568	1.400404e-002	-3.64736e-002	
569	1.400419e-002	-3.50184e-002	
570	1.400439e-002	-3.15156e-002	
571	1.400451e-002	-3.16121e-002	
572	1.400464e-002	-3.15191e-002	
573	1.400478e-002	-3.16100e-002	
574	1.400491e-002	-3.15255e-002	
575	1.400517e-002	-3.16095e-002	
576	1.400555e-002	-3.15302e-002	

Index   time            v4#branch       
--------------------------------------------------------------------------------
577	1.400626e-002	-3.16113e-002	
578	1.400767e-002	-3.15329e-002	
579	1.400985e-002	-3.16118e-002	
580	1.401330e-002	-3.15331e-002	
581	1.402020e-002	-3.16117e-002	
582	1.403400e-002	-3.15332e-002	
583	1.406159e-002	-3.16117e-002	
584	1.411678e-002	-3.15332e-002	
585	1.422716e-002	-3.16117e-002	
586	1.444792e-002	-3.15332e-002	
587	1.484792e-002	-3.16117e-002	
588	1.500100e-002	-3.15332e-002	
589	1.500110e-002	-3.15718e-002	
590	1.500130e-002	-3.15725e-002	
591	1.500141e-002	-3.15705e-002	
592	1.500152e-002	-3.15702e-002	
593	1.500176e-002	-3.15644e-002	
594	1.500200e-002	-3.15545e-002	
595	1.500203e-002	-3.15514e-002	
596	1.500210e-002	-3.15449e-002	
597	1.500224e-002	-3.15247e-002	
598	1.500239e-002	-3.10800e-002	
599	1.500252e-002	-3.10352e-002	
600	1.500262e-002	-3.19069e-002	
601	1.500268e-002	-3.19349e-002	
602	1.500273e-002	-3.19227e-002	
603	1.500278e-002	-3.19410e-002	
604	1.500283e-002	-3.19306e-002	
605	1.500290e-002	-3.19454e-002	
606	1.500297e-002	-3.19365e-002	
607	1.500309e-002	-3.19492e-002	
608	1.500321e-002	-3.19412e-002	
609	1.500344e-002	-3.19524e-002	
610	1.500374e-002	-3.19446e-002	
611	1.500433e-002	-3.19544e-002	
612	1.500542e-002	-3.19460e-002	
613	1.500683e-002	-3.19548e-002	
614	1.500878e-002	-3.19461e-002	
615	1.501192e-002	-3.19548e-002	
616	1.501822e-002	-3.19461e-002	
617	1.503081e-002	-3.19548e-002	
618	1.505599e-002	-3.19462e-002	
619	1.510636e-002	-3.19548e-002	
620	1.520709e-002	-3.19462e-002	
621	1.540855e-002	-3.19548e-002	
622	1.580855e-002	-3.19462e-002	
623	1.600000e-002	-3.19548e-002	
624	1.600010e-002	-3.19443e-002	
625	1.600030e-002	-3.52313e-002	
626	1.600045e-002	-3.82947e-002	
627	1.600061e-002	-4.04016e-002	
628	1.600081e-002	-4.04135e-002	
629	1.600100e-002	-3.65811e-002	
630	1.600102e-002	-3.59588e-002	
631	1.600106e-002	-3.54926e-002	
632	1.600110e-002	-3.55175e-002	
633	1.600115e-002	-3.54773e-002	
634	1.600121e-002	-3.54652e-002	

Index   time            v4#branch       
--------------------------------------------------------------------------------
635	1.600127e-002	-3.42769e-002	
636	1.600133e-002	-3.19525e-002	
637	1.600138e-002	-3.05923e-002	
638	1.600146e-002	-3.05910e-002	
639	1.600152e-002	-3.05846e-002	
640	1.600157e-002	-3.05905e-002	
641	1.600163e-002	-3.05866e-002	
642	1.600169e-002	-3.05921e-002	
643	1.600176e-002	-3.05895e-002	
644	1.600183e-002	-3.05943e-002	
645	1.600193e-002	-3.05927e-002	
646	1.600203e-002	-3.05972e-002	
647	1.600220e-002	-3.05962e-002	
648	1.600242e-002	-3.06008e-002	
649	1.600280e-002	-3.06003e-002	
650	1.600348e-002	-3.06050e-002	
651	1.600485e-002	-3.06035e-002	
652	1.600710e-002	-3.06063e-002	
653	1.601028e-002	-3.06036e-002	
654	1.601611e-002	-3.06063e-002	
655	1.602779e-002	-3.06036e-002	
656	1.605115e-002	-3.06063e-002	
657	1.609785e-002	-3.06036e-002	
658	1.619127e-002	-3.06063e-002	
659	1.637810e-002	-3.06036e-002	
660	1.675177e-002	-3.06063e-002	
661	1.700100e-002	-3.06036e-002	
662	1.700110e-002	-3.06050e-002	
663	1.700130e-002	-3.06044e-002	
664	1.700170e-002	-3.05990e-002	
665	1.700200e-002	-3.05867e-002	
666	1.700204e-002	-3.05838e-002	
667	1.700211e-002	-3.05769e-002	
668	1.700226e-002	-3.05535e-002	
669	1.700241e-002	-2.96376e-002	
670	1.700254e-002	-3.01399e-002	
671	1.700264e-002	-3.02385e-002	
672	1.700269e-002	-3.02310e-002	
673	1.700273e-002	-3.02433e-002	
674	1.700278e-002	-3.02343e-002	
675	1.700284e-002	-3.02414e-002	
676	1.700289e-002	-3.02315e-002	
677	1.700298e-002	-3.02319e-002	
678	1.700305e-002	-3.02154e-002	
679	1.700316e-002	-3.01780e-002	
680	1.700328e-002	-2.75509e-002	
681	1.700337e-002	-3.05710e-002	
682	1.700345e-002	-3.06276e-002	
683	1.700353e-002	-3.06190e-002	
684	1.700359e-002	-3.06406e-002	
685	1.700364e-002	-3.06285e-002	
686	1.700373e-002	-3.06461e-002	
687	1.700380e-002	-3.06357e-002	
688	1.700392e-002	-3.06506e-002	
689	1.700406e-002	-3.06412e-002	
690	1.700429e-002	-3.06546e-002	
691	1.700466e-002	-3.06454e-002	
692	1.700534e-002	-3.06574e-002	

Index   time            v4#branch       
--------------------------------------------------------------------------------
693	1.700656e-002	-3.06473e-002	
694	1.700802e-002	-3.06579e-002	
695	1.701020e-002	-3.06474e-002	
696	1.701390e-002	-3.06579e-002	
697	1.702131e-002	-3.06473e-002	
698	1.703612e-002	-3.06579e-002	
699	1.706574e-002	-3.06473e-002	
700	1.712498e-002	-3.06579e-002	
701	1.724347e-002	-3.06473e-002	
702	1.748044e-002	-3.06579e-002	
703	1.788044e-002	-3.06473e-002	
704	1.800100e-002	-3.06579e-002	
705	1.800110e-002	-3.06526e-002	
706	1.800130e-002	-3.06512e-002	
707	1.800165e-002	-3.06436e-002	
708	1.800200e-002	-3.06186e-002	
709	1.800204e-002	-3.06137e-002	
710	1.800211e-002	-3.06014e-002	
711	1.800225e-002	-3.05606e-002	
712	1.800240e-002	-2.94788e-002	
713	1.800254e-002	-3.47617e-002	
714	1.800264e-002	-3.61144e-002	
715	1.800272e-002	-3.61104e-002	
716	1.800279e-002	-3.61574e-002	
717	1.800285e-002	-3.61343e-002	
718	1.800298e-002	-3.61691e-002	
719	1.800310e-002	-3.61357e-002	
720	1.800326e-002	-3.61036e-002	
721	1.800343e-002	-3.59125e-002	
722	1.800355e-002	-3.64965e-002	
723	1.800361e-002	-3.64882e-002	
724	1.800366e-002	-3.65056e-002	
725	1.800371e-002	-3.64951e-002	
726	1.800378e-002	-3.65074e-002	
727	1.800386e-002	-3.64947e-002	
728	1.800395e-002	-3.64987e-002	
729	1.800410e-002	-3.64486e-002	
730	1.800425e-002	-3.22843e-002	
731	1.800446e-002	-3.15076e-002	
732	1.800456e-002	-3.16160e-002	
733	1.800466e-002	-3.15167e-002	
734	1.800477e-002	-3.16120e-002	
735	1.800497e-002	-3.15234e-002	
736	1.800523e-002	-3.16124e-002	
737	1.800571e-002	-3.15280e-002	
738	1.800665e-002	-3.16144e-002	
739	1.800853e-002	-3.15302e-002	
740	1.801087e-002	-3.16145e-002	
741	1.801543e-002	-3.15303e-002	
742	1.802453e-002	-3.16145e-002	
743	1.804274e-002	-3.15304e-002	
744	1.807917e-002	-3.16144e-002	
745	1.815202e-002	-3.15304e-002	
746	1.829772e-002	-3.16144e-002	
747	1.858912e-002	-3.15304e-002	
748	1.898912e-002	-3.16144e-002	
749	1.900100e-002	-3.15304e-002	
750	1.900110e-002	-3.15718e-002	

Index   time            v4#branch       
--------------------------------------------------------------------------------
751	1.900130e-002	-3.15725e-002	
752	1.900141e-002	-3.15705e-002	
753	1.900151e-002	-3.15705e-002	
754	1.900171e-002	-3.15655e-002	
755	1.900200e-002	-3.15546e-002	
756	1.900203e-002	-3.15517e-002	
757	1.900209e-002	-3.15462e-002	
758	1.900221e-002	-3.15306e-002	
759	1.900236e-002	-3.14638e-002	
760	1.900253e-002	-3.15212e-002	
761	1.900264e-002	-3.19064e-002	
762	1.900270e-002	-3.19418e-002	
763	1.900275e-002	-3.19207e-002	
764	1.900280e-002	-3.19455e-002	
765	1.900285e-002	-3.19287e-002	
766	1.900293e-002	-3.19493e-002	
767	1.900301e-002	-3.19348e-002	
768	1.900316e-002	-3.19530e-002	
769	1.900332e-002	-3.19398e-002	
770	1.900363e-002	-3.19559e-002	
771	1.900413e-002	-3.19428e-002	
772	1.900512e-002	-3.19573e-002	
773	1.900627e-002	-3.19435e-002	
774	1.900821e-002	-3.19574e-002	
775	1.901067e-002	-3.19436e-002	
776	1.901558e-002	-3.19574e-002	
777	1.902540e-002	-3.19436e-002	
778	1.904505e-002	-3.19573e-002	
779	1.908434e-002	-3.19436e-002	
780	1.916293e-002	-3.19573e-002	
781	1.932010e-002	-3.19436e-002	
782	1.963444e-002	-3.19573e-002	
783	2.000000e-002	-3.19436e-002	
